date,arena,age_group,home,away,parallel_slot
2026-10-10,Askerhallen,U11,Holmen Hockey Hvit,Ringerike 1,0
2026-10-10,Askerhallen,U11,Jar Blå,Frisk Asker 1,1
2026-10-10,Askerhallen,U11,Tønsberg Grå,Jutul Grønn,2
2026-10-10,Askerhallen,U11,Frisk Asker 1,Tønsberg Grå,0
2026-10-10,Askerhallen,U11,Jar Blå,Holmen Hockey Hvit,1
2026-10-10,Askerhallen,U11,Jutul Grønn,Ringerike 1,2
2026-10-10,Askerhallen,U11,Frisk Asker 1,Ringerike 1,0
2026-10-10,Askerhallen,U11,Holmen Hockey Hvit,Jutul Grønn,1
2026-10-10,Askerhallen,U11,Jar Blå,Tønsberg Grå,2
2026-10-10,Askerhallen,U11,Frisk Asker 1,Holmen Hockey Hvit,0
2026-10-10,Askerhallen,U11,Jar Blå,Jutul Grønn,1
2026-10-10,Askerhallen,U11,Tønsberg Grå,Ringerike 1,2
2026-10-10,Askerhallen,U11,Frisk Asker 1,Jutul Grønn,0
2026-10-10,Askerhallen,U11,Jar Blå,Ringerike 1,1
2026-10-10,Askerhallen,U11,Tønsberg Grå,Holmen Hockey Hvit,2
2026-10-10,Askerhallen,U12,Frisk Asker 1,Tønsberg Grå,0
2026-10-10,Askerhallen,U12,Jar Blå,Holmen Hockey Hvit,1
2026-10-10,Askerhallen,U12,Frisk Asker 1,Jar Blå,0
2026-10-10,Askerhallen,U12,Tønsberg Grå,Holmen Hockey Hvit,1
2026-10-10,Askerhallen,U12,Frisk Asker 1,Holmen Hockey Hvit,0
2026-10-10,Askerhallen,U12,Jar Blå,Tønsberg Grå,1
2026-10-10,Tonsberghallen,U12,Jutul Grønn,Kongsberg,0
2026-10-10,Tonsberghallen,U12,Tønsberg Hvit,Ringerike 1,1
2026-10-10,Tonsberghallen,U12,Ringerike 1,Kongsberg,0
2026-10-10,Tonsberghallen,U12,Tønsberg Hvit,Jutul Grønn,1
2026-10-10,Tonsberghallen,U12,Jutul Grønn,Ringerike 1,0
2026-10-10,Tonsberghallen,U12,Tønsberg Hvit,Kongsberg,1
2026-10-10,Holmen ishall,U12,Holmen Hockey Rød,Frisk Asker 2,0
2026-10-10,Holmen ishall,U12,Jar Hvit,Tønsberg Rød,1
2026-10-10,Holmen ishall,U12,Frisk Asker 2,Tønsberg Rød,0
2026-10-10,Holmen ishall,U12,Holmen Hockey Rød,Jar Hvit,1
2026-10-10,Holmen ishall,U12,Holmen Hockey Rød,Tønsberg Rød,0
2026-10-10,Holmen ishall,U12,Jar Hvit,Frisk Asker 2,1
2026-10-10,Baerum ishall,U12,Jar Rød,Frisk Asker 3,0
2026-10-10,Baerum ishall,U12,Jutul Rød,Ringerike 2,1
2026-10-10,Baerum ishall,U12,Jutul Rød,Jar Rød,0
2026-10-10,Baerum ishall,U12,Ringerike 2,Frisk Asker 3,1
2026-10-10,Baerum ishall,U12,Jar Rød,Ringerike 2,0
2026-10-10,Baerum ishall,U12,Jutul Rød,Frisk Asker 3,1
2026-10-10,Kongsberghallen,U9,Frisk Asker 1,Holmen Hockey Hvit,0
2026-10-10,Kongsberghallen,U9,Jutul Grønn,Skien,1
2026-10-10,Kongsberghallen,U9,Kongsberg,Jar Blå,2
2026-10-10,Kongsberghallen,U9,Ringerike 1,Sandefjord,3
2026-10-10,Kongsberghallen,U9,Frisk Asker 1,Sandefjord,0
2026-10-10,Kongsberghallen,U9,Holmen Hockey Hvit,Jutul Grønn,1
2026-10-10,Kongsberghallen,U9,Jar Blå,Ringerike 1,2
2026-10-10,Kongsberghallen,U9,Kongsberg,Skien,3
2026-10-10,Kongsberghallen,U9,Frisk Asker 1,Ringerike 1,0
2026-10-10,Kongsberghallen,U9,Holmen Hockey Hvit,Sandefjord,1
2026-10-10,Kongsberghallen,U9,Jar Blå,Skien,2
2026-10-10,Kongsberghallen,U9,Kongsberg,Jutul Grønn,3
2026-10-10,Kongsberghallen,U9,Frisk Asker 1,Jutul Grønn,0
2026-10-10,Kongsberghallen,U9,Holmen Hockey Hvit,Skien,1
2026-10-10,Kongsberghallen,U9,Jar Blå,Sandefjord,2
2026-10-10,Kongsberghallen,U9,Kongsberg,Ringerike 1,3
2026-10-10,Kongsberghallen,U9,Frisk Asker 1,Skien,0
2026-10-10,Kongsberghallen,U9,Holmen Hockey Hvit,Ringerike 1,1
2026-10-10,Kongsberghallen,U9,Jar Blå,Jutul Grønn,2
2026-10-10,Kongsberghallen,U9,Kongsberg,Sandefjord,3
2026-10-11,Skien ishall,JU8,Jar,Ringerike 1,0
2026-10-11,Skien ishall,JU8,Jutul Kittens,Skien,1
2026-10-11,Skien ishall,JU8,Frisk Asker,Skien,0
2026-10-11,Skien ishall,JU8,Jutul Kittens,Ringerike 1,1
2026-10-11,Skien ishall,JU8,Frisk Asker,Jar,0
2026-10-11,Skien ishall,JU8,Ringerike 1,Skien,1
2026-10-11,Skien ishall,JU8,Frisk Asker,Jutul Kittens,0
2026-10-11,Skien ishall,JU8,Jar,Skien,1
2026-10-11,Skien ishall,JU8,Frisk Asker,Ringerike 1,0
2026-10-11,Skien ishall,JU8,Jar,Jutul Kittens,1
2026-10-11,Skien ishall,JU8,(Pause),Frisk Asker,
2026-10-11,Skien ishall,JU8,(Pause),Jar,
2026-10-11,Skien ishall,JU8,(Pause),Jutul Kittens,
2026-10-11,Skien ishall,JU8,(Pause),Ringerike 1,
2026-10-11,Skien ishall,JU8,(Pause),Skien,
2026-10-11,Askerhallen,U10,Frisk Asker 1,Jar Blå,0
2026-10-11,Askerhallen,U10,Holmen Hockey Blå,Jutul Grønn,1
2026-10-11,Askerhallen,U10,Ringerike 1,Kongsberg,2
2026-10-11,Askerhallen,U10,Frisk Asker 1,Ringerike 1,0
2026-10-11,Askerhallen,U10,Jar Blå,Holmen Hockey Blå,1
2026-10-11,Askerhallen,U10,Jutul Grønn,Kongsberg,2
2026-10-11,Askerhallen,U10,Frisk Asker 1,Holmen Hockey Blå,0
2026-10-11,Askerhallen,U10,Jar Blå,Kongsberg,1
2026-10-11,Askerhallen,U10,Ringerike 1,Jutul Grønn,2
2026-10-11,Askerhallen,U10,Frisk Asker 1,Jutul Grønn,0
2026-10-11,Askerhallen,U10,Holmen Hockey Blå,Kongsberg,1
2026-10-11,Askerhallen,U10,Jar Blå,Ringerike 1,2
2026-10-11,Askerhallen,U10,Frisk Asker 1,Kongsberg,0
2026-10-11,Askerhallen,U10,Holmen Hockey Blå,Ringerike 1,1
2026-10-11,Askerhallen,U10,Jar Blå,Jutul Grønn,2
2026-10-11,Bugården ishall,U11,Kongsberg,Jar Svart,0
2026-10-11,Bugården ishall,U11,Sandefjord,Jar Grønn,1
2026-10-11,Bugården ishall,U11,Skien,Tønsberg Hvit,2
2026-10-11,Bugården ishall,U11,Jar Grønn,Kongsberg,0
2026-10-11,Bugården ishall,U11,Sandefjord,Skien,1
2026-10-11,Bugården ishall,U11,Tønsberg Hvit,Jar Svart,2
2026-10-11,Bugården ishall,U11,Jar Grønn,Tønsberg Hvit,0
2026-10-11,Bugården ishall,U11,Sandefjord,Kongsberg,1
2026-10-11,Bugården ishall,U11,Skien,Jar Svart,2
2026-10-11,Bugården ishall,U11,Jar Grønn,Skien,0
2026-10-11,Bugården ishall,U11,Kongsberg,Tønsberg Hvit,1
2026-10-11,Bugården ishall,U11,Sandefjord,Jar Svart,2
2026-10-11,Bugården ishall,U11,Jar Grønn,Jar Svart,0
2026-10-11,Bugården ishall,U11,Kongsberg,Skien,1
2026-10-11,Bugården ishall,U11,Sandefjord,Tønsberg Hvit,2
2026-10-11,Askerhallen,U12,Frisk Asker 1,Holmen Hockey Rød,0
2026-10-11,Askerhallen,U12,Jar Svart,Tønsberg Hvit,1
2026-10-11,Askerhallen,U12,Jar Svart,Frisk Asker 1,0
2026-10-11,Askerhallen,U12,Tønsberg Hvit,Holmen Hockey Rød,1
2026-10-11,Askerhallen,U12,Frisk Asker 1,Tønsberg Hvit,0
2026-10-11,Askerhallen,U12,Jar Svart,Holmen Hockey Rød,1
2026-10-11,Askerhallen,U12,Jar Blå,Frisk Asker 2,0
2026-10-11,Askerhallen,U12,Kongsberg,Jutul Rød,1
2026-10-11,Askerhallen,U12,Jutul Rød,Frisk Asker 2,0
2026-10-11,Askerhallen,U12,Kongsberg,Jar Blå,1
2026-10-11,Askerhallen,U12,Jar Blå,Jutul Rød,0
2026-10-11,Askerhallen,U12,Kongsberg,Frisk Asker 2,1
2026-10-17,Holmen ishall,U10,Holmen Hockey Hvit,Frisk Asker 2,0
2026-10-17,Holmen ishall,U10,Jar Grønn,Ringerike 2,1
2026-10-17,Holmen ishall,U10,Tønsberg,Jutul Hvit,2
2026-10-17,Holmen ishall,U10,Frisk Asker 2,Jar Grønn,0
2026-10-17,Holmen ishall,U10,Holmen Hockey Hvit,Tønsberg,1
2026-10-17,Holmen ishall,U10,Ringerike 2,Jutul Hvit,2
2026-10-17,Holmen ishall,U10,Frisk Asker 2,Jutul Hvit,0
2026-10-17,Holmen ishall,U10,Holmen Hockey Hvit,Jar Grønn,1
2026-10-17,Holmen ishall,U10,Tønsberg,Ringerike 2,2
2026-10-17,Holmen ishall,U10,Frisk Asker 2,Tønsberg,0
2026-10-17,Holmen ishall,U10,Holmen Hockey Hvit,Ringerike 2,1
2026-10-17,Holmen ishall,U10,Jar Grønn,Jutul Hvit,2
2026-10-17,Holmen ishall,U10,Frisk Asker 2,Ringerike 2,0
2026-10-17,Holmen ishall,U10,Holmen Hockey Hvit,Jutul Hvit,1
2026-10-17,Holmen ishall,U10,Jar Grønn,Tønsberg,2
2026-10-17,Tonsberghallen,U11,Frisk Asker 3,Jutul Rød,0
2026-10-17,Tonsberghallen,U11,Holmen Hockey Rød,Ringerike 2,1
2026-10-17,Tonsberghallen,U11,Tønsberg Rød,Jar Gul,2
2026-10-17,Tonsberghallen,U11,Jar Gul,Frisk Asker 3,0
2026-10-17,Tonsberghallen,U11,Jutul Rød,Ringerike 2,1
2026-10-17,Tonsberghallen,U11,Tønsberg Rød,Holmen Hockey Rød,2
2026-10-17,Tonsberghallen,U11,Holmen Hockey Rød,Jutul Rød,0
2026-10-17,Tonsberghallen,U11,Jar Gul,Ringerike 2,1
2026-10-17,Tonsberghallen,U11,Tønsberg Rød,Frisk Asker 3,2
2026-10-17,Tonsberghallen,U11,Frisk Asker 3,Ringerike 2,0
2026-10-17,Tonsberghallen,U11,Jar Gul,Holmen Hockey Rød,1
2026-10-17,Tonsberghallen,U11,Tønsberg Rød,Jutul Rød,2
2026-10-17,Tonsberghallen,U11,Frisk Asker 3,Holmen Hockey Rød,0
2026-10-17,Tonsberghallen,U11,Jar Gul,Jutul Rød,1
2026-10-17,Tonsberghallen,U11,Tønsberg Rød,Ringerike 2,2
2026-10-17,Askerhallen,U12,Jar Hvit,Tønsberg Grå,0
2026-10-17,Askerhallen,U12,Ringerike 1,Frisk Asker 3,1
2026-10-17,Askerhallen,U12,Jar Hvit,Ringerike 1,0
2026-10-17,Askerhallen,U12,Tønsberg Grå,Frisk Asker 3,1
2026-10-17,Askerhallen,U12,Jar Hvit,Frisk Asker 3,0
2026-10-17,Askerhallen,U12,Ringerike 1,Tønsberg Grå,1
2026-10-17,Baerum ishall,U8,Frisk Asker 1,Holmen Hockey Blå,0
2026-10-17,Baerum ishall,U8,Jutul Grønn,Jar Blå,1
2026-10-17,Baerum ishall,U8,Kongsberg,Sandefjord,2
2026-10-17,Baerum ishall,U8,Ringerike 1,Skien,3
2026-10-17,Baerum ishall,U8,Frisk Asker 1,Sandefjord,0
2026-10-17,Baerum ishall,U8,Holmen Hockey Blå,Ringerike 1,1
2026-10-17,Baerum ishall,U8,Jar Blå,Kongsberg,2
2026-10-17,Baerum ishall,U8,Jutul Grønn,Skien,3
2026-10-17,Baerum ishall,U8,Frisk Asker 1,Kongsberg,0
2026-10-17,Baerum ishall,U8,Holmen Hockey Blå,Sandefjord,1
2026-10-17,Baerum ishall,U8,Jar Blå,Skien,2
2026-10-17,Baerum ishall,U8,Jutul Grønn,Ringerike 1,3
2026-10-17,Baerum ishall,U8,Frisk Asker 1,Ringerike 1,0
2026-10-17,Baerum ishall,U8,Holmen Hockey Blå,Skien,1
2026-10-17,Baerum ishall,U8,Jar Blå,Sandefjord,2
2026-10-17,Baerum ishall,U8,Jutul Grønn,Kongsberg,3
2026-10-17,Baerum ishall,U8,Frisk Asker 1,Skien,0
2026-10-17,Baerum ishall,U8,Holmen Hockey Blå,Kongsberg,1
2026-10-17,Baerum ishall,U8,Jar Blå,Ringerike 1,2
2026-10-17,Baerum ishall,U8,Jutul Grønn,Sandefjord,3
2026-10-18,Askerhallen,JU10,Frisk Asker Orange,Jar Hvit,0
2026-10-18,Askerhallen,JU10,Ringerike 1,Jar Blå,1
2026-10-18,Askerhallen,JU10,Skien,Frisk Asker Svart,2
2026-10-18,Askerhallen,JU10,Jar Blå,Frisk Asker Orange,0
2026-10-18,Askerhallen,JU10,Ringerike 1,Frisk Asker Svart,1
2026-10-18,Askerhallen,JU10,Skien,Jar Hvit,2
2026-10-18,Askerhallen,JU10,Jar Blå,Skien,0
2026-10-18,Askerhallen,JU10,Jar Hvit,Frisk Asker Svart,1
2026-10-18,Askerhallen,JU10,Ringerike 1,Frisk Asker Orange,2
2026-10-18,Askerhallen,JU10,Frisk Asker Orange,Frisk Asker Svart,0
2026-10-18,Askerhallen,JU10,Jar Blå,Jar Hvit,1
2026-10-18,Askerhallen,JU10,Ringerike 1,Skien,2
2026-10-18,Askerhallen,JU10,Frisk Asker Orange,Skien,0
2026-10-18,Askerhallen,JU10,Jar Blå,Frisk Asker Svart,1
2026-10-18,Askerhallen,JU10,Ringerike 1,Jar Hvit,2
2026-10-18,Kongsberghallen,JU12,Frisk Asker Orange,Jutul/Jar Kittens,0
2026-10-18,Kongsberghallen,JU12,Kongsberg/Tønsberg,Ringerike 1,1
2026-10-18,Kongsberghallen,JU12,Kongsberg/Tønsberg,Frisk Asker Orange,0
2026-10-18,Kongsberghallen,JU12,Ringerike 1,Jutul/Jar Kittens,1
2026-10-18,Kongsberghallen,JU12,Frisk Asker Orange,Ringerike 1,0
2026-10-18,Kongsberghallen,JU12,Kongsberg/Tønsberg,Jutul/Jar Kittens,1
2026-10-18,Holmen ishall,U11,Jar Hvit,Frisk Asker 4,0
2026-10-18,Holmen ishall,U11,Jar Lilla,Holmen Hockey Rød,1
2026-10-18,Holmen ishall,U11,Tønsberg Grå,Jar Oransje,2
2026-10-18,Holmen ishall,U11,Frisk Asker 4,Jar Lilla,0
2026-10-18,Holmen ishall,U11,Holmen Hockey Rød,Jar Oransje,1
2026-10-18,Holmen ishall,U11,Jar Hvit,Tønsberg Grå,2
2026-10-18,Holmen ishall,U11,Frisk Asker 4,Jar Oransje,0
2026-10-18,Holmen ishall,U11,Jar Hvit,Jar Lilla,1
2026-10-18,Holmen ishall,U11,Tønsberg Grå,Holmen Hockey Rød,2
2026-10-18,Holmen ishall,U11,Frisk Asker 4,Holmen Hockey Rød,0
2026-10-18,Holmen ishall,U11,Jar Hvit,Jar Oransje,1
2026-10-18,Holmen ishall,U11,Jar Lilla,Tønsberg Grå,2
2026-10-18,Holmen ishall,U11,Frisk Asker 4,Tønsberg Grå,0
2026-10-18,Holmen ishall,U11,Jar Hvit,Holmen Hockey Rød,1
2026-10-18,Holmen ishall,U11,Jar Lilla,Jar Oransje,2
2026-10-18,Holmen ishall,U12,Jar Rød,Jutul Grønn,0
2026-10-18,Holmen ishall,U12,Tønsberg Rød,Holmen Hockey Hvit,1
2026-10-18,Holmen ishall,U12,Holmen Hockey Hvit,Jutul Grønn,0
2026-10-18,Holmen ishall,U12,Tønsberg Rød,Jar Rød,1
2026-10-18,Holmen ishall,U12,Jar Rød,Holmen Hockey Hvit,0
2026-10-18,Holmen ishall,U12,Tønsberg Rød,Jutul Grønn,1
2026-10-24,Kongsberghallen,U10,Frisk Asker 3,Jar Gul,0
2026-10-24,Kongsberghallen,U10,Holmen Hockey Rød,Jutul Rød,1
2026-10-24,Kongsberghallen,U10,Ringerike 3,Kongsberg,2
2026-10-24,Kongsberghallen,U10,Frisk Asker 3,Ringerike 3,0
2026-10-24,Kongsberghallen,U10,Jar Gul,Holmen Hockey Rød,1
2026-10-24,Kongsberghallen,U10,Jutul Rød,Kongsberg,2
2026-10-24,Kongsberghallen,U10,Frisk Asker 3,Holmen Hockey Rød,0
2026-10-24,Kongsberghallen,U10,Jar Gul,Kongsberg,1
2026-10-24,Kongsberghallen,U10,Ringerike 3,Jutul Rød,2
2026-10-24,Kongsberghallen,U10,Frisk Asker 3,Jutul Rød,0
2026-10-24,Kongsberghallen,U10,Holmen Hockey Rød,Kongsberg,1
2026-10-24,Kongsberghallen,U10,Jar Gul,Ringerike 3,2
2026-10-24,Kongsberghallen,U10,Frisk Asker 3,Kongsberg,0
2026-10-24,Kongsberghallen,U10,Holmen Hockey Rød,Ringerike 3,1
2026-10-24,Kongsberghallen,U10,Jar Gul,Jutul Rød,2
2026-10-24,Askerhallen,U11,Frisk Asker 1,Tønsberg Rød,0
2026-10-24,Askerhallen,U11,Jar Rød,Skien,1
2026-10-24,Askerhallen,U11,Jar Svart,Holmen Hockey Hvit,2
2026-10-24,Askerhallen,U11,Frisk Asker 1,Holmen Hockey Hvit,0
2026-10-24,Askerhallen,U11,Jar Rød,Tønsberg Rød,1
2026-10-24,Askerhallen,U11,Skien,Jar Svart,2
2026-10-24,Askerhallen,U11,Jar Rød,Jar Svart,0
2026-10-24,Askerhallen,U11,Skien,Frisk Asker 1,1
2026-10-24,Askerhallen,U11,Tønsberg Rød,Holmen Hockey Hvit,2
2026-10-24,Askerhallen,U11,Jar Rød,Frisk Asker 1,0
2026-10-24,Askerhallen,U11,Jar Svart,Tønsberg Rød,1
2026-10-24,Askerhallen,U11,Skien,Holmen Hockey Hvit,2
2026-10-24,Askerhallen,U11,Jar Rød,Holmen Hockey Hvit,0
2026-10-24,Askerhallen,U11,Jar Svart,Frisk Asker 1,1
2026-10-24,Askerhallen,U11,Skien,Tønsberg Rød,2
2026-10-24,Askerhallen,U12,Jar Svart,Tønsberg Grå,0
2026-10-24,Askerhallen,U12,Ringerike 2,Frisk Asker 2,1
2026-10-24,Askerhallen,U12,Frisk Asker 2,Tønsberg Grå,0
2026-10-24,Askerhallen,U12,Ringerike 2,Jar Svart,1
2026-10-24,Askerhallen,U12,Jar Svart,Frisk Asker 2,0
2026-10-24,Askerhallen,U12,Ringerike 2,Tønsberg Grå,1
2026-10-24,Bugården ishall,U9,Frisk Asker 2,Jutul Hvit,0
2026-10-24,Bugården ishall,U9,Holmen Hockey Rød,Jar Hvit,1
2026-10-24,Bugården ishall,U9,Sandefjord,Skien,2
2026-10-24,Bugården ishall,U9,Tønsberg,Ringerike 1,3
2026-10-24,Bugården ishall,U9,Frisk Asker 2,Ringerike 1,0
2026-10-24,Bugården ishall,U9,Holmen Hockey Rød,Skien,1
2026-10-24,Bugården ishall,U9,Jar Hvit,Tønsberg,2
2026-10-24,Bugården ishall,U9,Jutul Hvit,Sandefjord,3
2026-10-24,Bugården ishall,U9,Frisk Asker 2,Tønsberg,0
2026-10-24,Bugården ishall,U9,Holmen Hockey Rød,Sandefjord,1
2026-10-24,Bugården ishall,U9,Jar Hvit,Skien,2
2026-10-24,Bugården ishall,U9,Jutul Hvit,Ringerike 1,3
2026-10-24,Bugården ishall,U9,Frisk Asker 2,Sandefjord,0
2026-10-24,Bugården ishall,U9,Holmen Hockey Rød,Tønsberg,1
2026-10-24,Bugården ishall,U9,Jar Hvit,Ringerike 1,2
2026-10-24,Bugården ishall,U9,Jutul Hvit,Skien,3
2026-10-24,Bugården ishall,U9,Frisk Asker 2,Skien,0
2026-10-24,Bugården ishall,U9,Holmen Hockey Rød,Ringerike 1,1
2026-10-24,Bugården ishall,U9,Jar Hvit,Sandefjord,2
2026-10-24,Bugården ishall,U9,Jutul Hvit,Tønsberg,3
2026-10-25,Baerum ishall,JU12,Frisk Asker Svart,Jutul/Jar Kittens,0
2026-10-25,Baerum ishall,JU12,Skien,Ringerike 2,1
2026-10-25,Baerum ishall,JU12,Ringerike 2,Jutul/Jar Kittens,0
2026-10-25,Baerum ishall,JU12,Skien,Frisk Asker Svart,1
2026-10-25,Baerum ishall,JU12,Frisk Asker Svart,Ringerike 2,0
2026-10-25,Baerum ishall,JU12,Skien,Jutul/Jar Kittens,1
2026-10-25,Askerhallen,U10,Holmen Hockey Sort,Frisk Asker 5,0
2026-10-25,Askerhallen,U10,Jar Hvit,Frisk Asker 4,1
2026-10-25,Askerhallen,U10,Ringerike 4,Jar Rød,2
2026-10-25,Askerhallen,U10,Frisk Asker 4,Ringerike 4,0
2026-10-25,Askerhallen,U10,Jar Hvit,Holmen Hockey Sort,1
2026-10-25,Askerhallen,U10,Jar Rød,Frisk Asker 5,2
2026-10-25,Askerhallen,U10,Frisk Asker 4,Holmen Hockey Sort,0
2026-10-25,Askerhallen,U10,Jar Hvit,Jar Rød,1
2026-10-25,Askerhallen,U10,Ringerike 4,Frisk Asker 5,2
2026-10-25,Askerhallen,U10,Frisk Asker 4,Frisk Asker 5,0
2026-10-25,Askerhallen,U10,Holmen Hockey Sort,Jar Rød,1
2026-10-25,Askerhallen,U10,Jar Hvit,Ringerike 4,2
2026-10-25,Askerhallen,U10,Frisk Asker 4,Jar Rød,0
2026-10-25,Askerhallen,U10,Holmen Hockey Sort,Ringerike 4,1
2026-10-25,Askerhallen,U10,Jar Hvit,Frisk Asker 5,2
2026-10-25,Baerum ishall,U11,Frisk Asker 4,Sandefjord,0
2026-10-25,Baerum ishall,U11,Jar Blå,Jutul Rød,1
2026-10-25,Baerum ishall,U11,Kongsberg,Ringerike 1,2
2026-10-25,Baerum ishall,U11,Jar Blå,Frisk Asker 4,0
2026-10-25,Baerum ishall,U11,Jutul Rød,Kongsberg,1
2026-10-25,Baerum ishall,U11,Ringerike 1,Sandefjord,2
2026-10-25,Baerum ishall,U11,Frisk Asker 4,Ringerike 1,0
2026-10-25,Baerum ishall,U11,Jar Blå,Kongsberg,1
2026-10-25,Baerum ishall,U11,Jutul Rød,Sandefjord,2
2026-10-25,Baerum ishall,U11,Jar Blå,Ringerike 1,0
2026-10-25,Baerum ishall,U11,Jutul Rød,Frisk Asker 4,1
2026-10-25,Baerum ishall,U11,Kongsberg,Sandefjord,2
2026-10-25,Baerum ishall,U11,Jar Blå,Sandefjord,0
2026-10-25,Baerum ishall,U11,Jutul Rød,Ringerike 1,1
2026-10-25,Baerum ishall,U11,Kongsberg,Frisk Asker 4,2
2026-10-25,Ringerikshallen,U12,Jar Blå,Jutul Grønn,0
2026-10-25,Ringerikshallen,U12,Ringerike 1,Holmen Hockey Rød,1
2026-10-25,Ringerikshallen,U12,Holmen Hockey Rød,Jutul Grønn,0
2026-10-25,Ringerikshallen,U12,Ringerike 1,Jar Blå,1
2026-10-25,Ringerikshallen,U12,Jar Blå,Holmen Hockey Rød,0
2026-10-25,Ringerikshallen,U12,Ringerike 1,Jutul Grønn,1
2026-10-25,Holmen ishall,U8,Frisk Asker 2,Holmen Hockey Hvit,0
2026-10-25,Holmen ishall,U8,Jutul Gul,Skien,1
2026-10-25,Holmen ishall,U8,Ringerike 2,Kongsberg,2
2026-10-25,Holmen ishall,U8,Tønsberg,Jar Hvit,3
2026-10-25,Holmen ishall,U8,Frisk Asker 2,Kongsberg,0
2026-10-25,Holmen ishall,U8,Holmen Hockey Hvit,Jutul Gul,1
2026-10-25,Holmen ishall,U8,Jar Hvit,Ringerike 2,2
2026-10-25,Holmen ishall,U8,Tønsberg,Skien,3
2026-10-25,Holmen ishall,U8,Frisk Asker 2,Ringerike 2,0
2026-10-25,Holmen ishall,U8,Holmen Hockey Hvit,Kongsberg,1
2026-10-25,Holmen ishall,U8,Jar Hvit,Skien,2
2026-10-25,Holmen ishall,U8,Tønsberg,Jutul Gul,3
2026-10-25,Holmen ishall,U8,Frisk Asker 2,Jutul Gul,0
2026-10-25,Holmen ishall,U8,Holmen Hockey Hvit,Skien,1
2026-10-25,Holmen ishall,U8,Jar Hvit,Kongsberg,2
2026-10-25,Holmen ishall,U8,Tønsberg,Ringerike 2,3
2026-10-25,Holmen ishall,U8,Frisk Asker 2,Skien,0
2026-10-25,Holmen ishall,U8,Holmen Hockey Hvit,Ringerike 2,1
2026-10-25,Holmen ishall,U8,Jar Hvit,Jutul Gul,2
2026-10-25,Holmen ishall,U8,Tønsberg,Kongsberg,3
2026-10-31,Tonsberghallen,U11,Jar Grønn,Frisk Asker 3,0
2026-10-31,Tonsberghallen,U11,Jutul Grønn,Jar Hvit,1
2026-10-31,Tonsberghallen,U11,Tønsberg Hvit,Ringerike 2,2
2026-10-31,Tonsberghallen,U11,Frisk Asker 3,Tønsberg Hvit,0
2026-10-31,Tonsberghallen,U11,Jar Grønn,Jutul Grønn,1
2026-10-31,Tonsberghallen,U11,Ringerike 2,Jar Hvit,2
2026-10-31,Tonsberghallen,U11,Frisk Asker 3,Jutul Grønn,0
2026-10-31,Tonsberghallen,U11,Jar Grønn,Ringerike 2,1
2026-10-31,Tonsberghallen,U11,Tønsberg Hvit,Jar Hvit,2
2026-10-31,Tonsberghallen,U11,Frisk Asker 3,Jar Hvit,0
2026-10-31,Tonsberghallen,U11,Jar Grønn,Tønsberg Hvit,1
2026-10-31,Tonsberghallen,U11,Jutul Grønn,Ringerike 2,2
2026-10-31,Tonsberghallen,U11,Frisk Asker 3,Ringerike 2,0
2026-10-31,Tonsberghallen,U11,Jar Grønn,Jar Hvit,1
2026-10-31,Tonsberghallen,U11,Jutul Grønn,Tønsberg Hvit,2
2026-10-31,Holmen ishall,U12,Holmen Hockey Hvit,Kongsberg,0
2026-10-31,Holmen ishall,U12,Jar Hvit,Ringerike 2,1
2026-10-31,Holmen ishall,U12,Holmen Hockey Hvit,Jar Hvit,0
2026-10-31,Holmen ishall,U12,Kongsberg,Ringerike 2,1
2026-10-31,Holmen ishall,U12,Holmen Hockey Hvit,Ringerike 2,0
2026-10-31,Holmen ishall,U12,Jar Hvit,Kongsberg,1
2026-10-31,Holmen ishall,U9,Frisk Asker 3,Jar Rød,0
2026-10-31,Holmen ishall,U9,Frisk Asker 4,Tønsberg,1
2026-10-31,Holmen ishall,U9,Holmen Hockey Sort,Jutul Rød,2
2026-10-31,Holmen ishall,U9,Kongsberg,Skien,3
2026-10-31,Holmen ishall,U9,Frisk Asker 3,Jutul Rød,0
2026-10-31,Holmen ishall,U9,Frisk Asker 4,Skien,1
2026-10-31,Holmen ishall,U9,Holmen Hockey Sort,Kongsberg,2
2026-10-31,Holmen ishall,U9,Jar Rød,Tønsberg,3
2026-10-31,Holmen ishall,U9,Frisk Asker 3,Kongsberg,0
2026-10-31,Holmen ishall,U9,Holmen Hockey Sort,Frisk Asker 4,1
2026-10-31,Holmen ishall,U9,Jar Rød,Skien,2
2026-10-31,Holmen ishall,U9,Jutul Rød,Tønsberg,3
2026-10-31,Holmen ishall,U9,Frisk Asker 3,Tønsberg,0
2026-10-31,Holmen ishall,U9,Holmen Hockey Sort,Skien,1
2026-10-31,Holmen ishall,U9,Jar Rød,Kongsberg,2
2026-10-31,Holmen ishall,U9,Jutul Rød,Frisk Asker 4,3
2026-10-31,Holmen ishall,U9,Frisk Asker 3,Skien,0
2026-10-31,Holmen ishall,U9,Holmen Hockey Sort,Tønsberg,1
2026-10-31,Holmen ishall,U9,Jar Rød,Frisk Asker 4,2
2026-10-31,Holmen ishall,U9,Jutul Rød,Kongsberg,3
2026-11-01,Askerhallen,U10,Frisk Asker 6,Jar Svart,0
2026-11-01,Askerhallen,U10,Holmen Hockey Hvit,Tønsberg,1
2026-11-01,Askerhallen,U10,Ringerike 1,Jutul Rød,2
2026-11-01,Askerhallen,U10,Frisk Asker 6,Holmen Hockey Hvit,0
2026-11-01,Askerhallen,U10,Jar Svart,Ringerike 1,1
2026-11-01,Askerhallen,U10,Jutul Rød,Tønsberg,2
2026-11-01,Askerhallen,U10,Frisk Asker 6,Ringerike 1,0
2026-11-01,Askerhallen,U10,Holmen Hockey Hvit,Jutul Rød,1
2026-11-01,Askerhallen,U10,Jar Svart,Tønsberg,2
2026-11-01,Askerhallen,U10,Frisk Asker 6,Jutul Rød,0
2026-11-01,Askerhallen,U10,Jar Svart,Holmen Hockey Hvit,1
2026-11-01,Askerhallen,U10,Ringerike 1,Tønsberg,2
2026-11-01,Askerhallen,U10,Frisk Asker 6,Tønsberg,0
2026-11-01,Askerhallen,U10,Jar Svart,Jutul Rød,1
2026-11-01,Askerhallen,U10,Ringerike 1,Holmen Hockey Hvit,2
2026-11-01,Baerum ishall,U11,Jar Gul,Frisk Asker 2,0
2026-11-01,Baerum ishall,U11,Jar Lilla,Jar Rød,1
2026-11-01,Baerum ishall,U11,Jutul Grønn,Ringerike 1,2
2026-11-01,Baerum ishall,U11,Frisk Asker 2,Ringerike 1,0
2026-11-01,Baerum ishall,U11,Jar Gul,Jar Lilla,1
2026-11-01,Baerum ishall,U11,Jutul Grønn,Jar Rød,2
2026-11-01,Baerum ishall,U11,Frisk Asker 2,Jar Lilla,0
2026-11-01,Baerum ishall,U11,Jar Gul,Jutul Grønn,1
2026-11-01,Baerum ishall,U11,Jar Rød,Ringerike 1,2
2026-11-01,Baerum ishall,U11,Frisk Asker 2,Jutul Grønn,0
2026-11-01,Baerum ishall,U11,Jar Gul,Jar Rød,1
2026-11-01,Baerum ishall,U11,Jar Lilla,Ringerike 1,2
2026-11-01,Baerum ishall,U11,Frisk Asker 2,Jar Rød,0
2026-11-01,Baerum ishall,U11,Jar Gul,Ringerike 1,1
2026-11-01,Baerum ishall,U11,Jar Lilla,Jutul Grønn,2
2026-11-01,Baerum ishall,U12,Frisk Asker 1,Jar Svart,0
2026-11-01,Baerum ishall,U12,Jutul Rød,Tønsberg Rød,1
2026-11-01,Baerum ishall,U12,Jutul Rød,Frisk Asker 1,0
2026-11-01,Baerum ishall,U12,Tønsberg Rød,Jar Svart,1
2026-11-01,Baerum ishall,U12,Frisk Asker 1,Tønsberg Rød,0
2026-11-01,Baerum ishall,U12,Jutul Rød,Jar Svart,1
2026-11-01,Bugården ishall,U8,Frisk Asker 3,Holmen Hockey Rød,0
2026-11-01,Bugården ishall,U8,Frisk Asker 4,Ringerike 2,1
2026-11-01,Bugården ishall,U8,Jar Rød,Jutul Hvit,2
2026-11-01,Bugården ishall,U8,Sandefjord,Frisk Asker 5,3
2026-11-01,Bugården ishall,U8,Frisk Asker 3,Jar Rød,0
2026-11-01,Bugården ishall,U8,Holmen Hockey Rød,Sandefjord,1
2026-11-01,Bugården ishall,U8,Jutul Hvit,Frisk Asker 4,2
2026-11-01,Bugården ishall,U8,Ringerike 2,Frisk Asker 5,3
2026-11-01,Bugården ishall,U8,Frisk Asker 3,Jutul Hvit,0
2026-11-01,Bugården ishall,U8,Holmen Hockey Rød,Ringerike 2,1
2026-11-01,Bugården ishall,U8,Jar Rød,Frisk Asker 5,2
2026-11-01,Bugården ishall,U8,Sandefjord,Frisk Asker 4,3
2026-11-01,Bugården ishall,U8,Frisk Asker 3,Sandefjord,0
2026-11-01,Bugården ishall,U8,Holmen Hockey Rød,Frisk Asker 5,1
2026-11-01,Bugården ishall,U8,Jar Rød,Frisk Asker 4,2
2026-11-01,Bugården ishall,U8,Jutul Hvit,Ringerike 2,3
2026-11-01,Bugården ishall,U8,Frisk Asker 3,Ringerike 2,0
2026-11-01,Bugården ishall,U8,Holmen Hockey Rød,Frisk Asker 4,1
2026-11-01,Bugården ishall,U8,Jar Rød,Sandefjord,2
2026-11-01,Bugården ishall,U8,Jutul Hvit,Frisk Asker 5,3
2026-11-07,Askerhallen,JU12,Frisk Asker Orange,Kongsberg/Tønsberg,0
2026-11-07,Askerhallen,JU12,Ringerike 2,Skien,1
2026-11-07,Askerhallen,JU12,Frisk Asker Orange,Ringerike 2,0
2026-11-07,Askerhallen,JU12,Kongsberg/Tønsberg,Skien,1
2026-11-07,Askerhallen,JU12,Frisk Asker Orange,Skien,0
2026-11-07,Askerhallen,JU12,Ringerike 2,Kongsberg/Tønsberg,1
2026-11-07,Askerhallen,U10,Frisk Asker 1,Jar Grønn,0
2026-11-07,Askerhallen,U10,Holmen Hockey Rød,Frisk Asker 6,1
2026-11-07,Askerhallen,U10,Ringerike 4,Jutul Grønn,2
2026-11-07,Askerhallen,U10,Frisk Asker 1,Holmen Hockey Rød,0
2026-11-07,Askerhallen,U10,Jar Grønn,Ringerike 4,1
2026-11-07,Askerhallen,U10,Jutul Grønn,Frisk Asker 6,2
2026-11-07,Askerhallen,U10,Frisk Asker 1,Jutul Grønn,0
2026-11-07,Askerhallen,U10,Jar Grønn,Holmen Hockey Rød,1
2026-11-07,Askerhallen,U10,Ringerike 4,Frisk Asker 6,2
2026-11-07,Askerhallen,U10,Frisk Asker 1,Ringerike 4,0
2026-11-07,Askerhallen,U10,Holmen Hockey Rød,Jutul Grønn,1
2026-11-07,Askerhallen,U10,Jar Grønn,Frisk Asker 6,2
2026-11-07,Askerhallen,U10,Frisk Asker 1,Frisk Asker 6,0
2026-11-07,Askerhallen,U10,Holmen Hockey Rød,Ringerike 4,1
2026-11-07,Askerhallen,U10,Jar Grønn,Jutul Grønn,2
2026-11-07,Ringerikshallen,U11,Frisk Asker 2,Tønsberg Grå,0
2026-11-07,Ringerikshallen,U11,Jar Oransje,Ringerike 2,1
2026-11-07,Ringerikshallen,U11,Jar Svart,Jutul Rød,2
2026-11-07,Ringerikshallen,U11,Frisk Asker 2,Jutul Rød,0
2026-11-07,Ringerikshallen,U11,Jar Oransje,Tønsberg Grå,1
2026-11-07,Ringerikshallen,U11,Ringerike 2,Jar Svart,2
2026-11-07,Ringerikshallen,U11,Jar Oransje,Jar Svart,0
2026-11-07,Ringerikshallen,U11,Ringerike 2,Frisk Asker 2,1
2026-11-07,Ringerikshallen,U11,Tønsberg Grå,Jutul Rød,2
2026-11-07,Ringerikshallen,U11,Jar Oransje,Frisk Asker 2,0
2026-11-07,Ringerikshallen,U11,Jar Svart,Tønsberg Grå,1
2026-11-07,Ringerikshallen,U11,Ringerike 2,Jutul Rød,2
2026-11-07,Ringerikshallen,U11,Jar Oransje,Jutul Rød,0
2026-11-07,Ringerikshallen,U11,Jar Svart,Frisk Asker 2,1
2026-11-07,Ringerikshallen,U11,Ringerike 2,Tønsberg Grå,2
2026-11-07,Jar Isforum,U12,Jar Rød,Frisk Asker 3,0
2026-11-07,Jar Isforum,U12,Tønsberg Hvit,Holmen Hockey Hvit,1
2026-11-07,Jar Isforum,U12,Frisk Asker 3,Holmen Hockey Hvit,0
2026-11-07,Jar Isforum,U12,Jar Rød,Tønsberg Hvit,1
2026-11-07,Jar Isforum,U12,Jar Rød,Holmen Hockey Hvit,0
2026-11-07,Jar Isforum,U12,Tønsberg Hvit,Frisk Asker 3,1
2026-11-08,Ringerikshallen,JU12,Frisk Asker Svart,Skien,0
2026-11-08,Ringerikshallen,JU12,Ringerike 1,Kongsberg/Tønsberg,1
2026-11-08,Ringerikshallen,JU12,Frisk Asker Svart,Ringerike 1,0
2026-11-08,Ringerikshallen,JU12,Skien,Kongsberg/Tønsberg,1
2026-11-08,Ringerikshallen,JU12,Frisk Asker Svart,Kongsberg/Tønsberg,0
2026-11-08,Ringerikshallen,JU12,Ringerike 1,Skien,1
2026-11-08,Askerhallen,U11,Frisk Asker 3,Tønsberg Hvit,0
2026-11-08,Askerhallen,U11,Jar Blå,Holmen Hockey Rød,1
2026-11-08,Askerhallen,U11,Skien,Kongsberg,2
2026-11-08,Askerhallen,U11,Holmen Hockey Rød,Skien,0
2026-11-08,Askerhallen,U11,Jar Blå,Frisk Asker 3,1
2026-11-08,Askerhallen,U11,Kongsberg,Tønsberg Hvit,2
2026-11-08,Askerhallen,U11,Frisk Asker 3,Kongsberg,0
2026-11-08,Askerhallen,U11,Holmen Hockey Rød,Tønsberg Hvit,1
2026-11-08,Askerhallen,U11,Jar Blå,Skien,2
2026-11-08,Askerhallen,U11,Holmen Hockey Rød,Frisk Asker 3,0
2026-11-08,Askerhallen,U11,Jar Blå,Kongsberg,1
2026-11-08,Askerhallen,U11,Skien,Tønsberg Hvit,2
2026-11-08,Askerhallen,U11,Holmen Hockey Rød,Kongsberg,0
2026-11-08,Askerhallen,U11,Jar Blå,Tønsberg Hvit,1
2026-11-08,Askerhallen,U11,Skien,Frisk Asker 3,2
2026-11-08,Askerhallen,U12,Frisk Asker 1,Jutul Grønn,0
2026-11-08,Askerhallen,U12,Jar Hvit,Ringerike 2,1
2026-11-08,Askerhallen,U12,Frisk Asker 1,Jar Hvit,0
2026-11-08,Askerhallen,U12,Jutul Grønn,Ringerike 2,1
2026-11-08,Askerhallen,U12,Frisk Asker 1,Ringerike 2,0
2026-11-08,Askerhallen,U12,Jar Hvit,Jutul Grønn,1
2026-11-08,Holmen ishall,U9,Frisk Asker 1,Jar Blå,0
2026-11-08,Holmen ishall,U9,Frisk Asker 2,Jar Rød,1
2026-11-08,Holmen ishall,U9,Holmen Hockey Hvit,Jutul Rød,2
2026-11-08,Holmen ishall,U9,Holmen Hockey Rød,Jutul Hvit,3
2026-11-08,Holmen ishall,U9,Frisk Asker 2,Jutul Rød,0
2026-11-08,Holmen ishall,U9,Holmen Hockey Hvit,Jar Rød,1
2026-11-08,Holmen ishall,U9,Holmen Hockey Rød,Frisk Asker 1,2
2026-11-08,Holmen ishall,U9,Jar Blå,Jutul Hvit,3
2026-11-08,Holmen ishall,U9,Frisk Asker 2,Jutul Hvit,0
2026-11-08,Holmen ishall,U9,Holmen Hockey Hvit,Jar Blå,1
2026-11-08,Holmen ishall,U9,Jar Rød,Holmen Hockey Rød,2
2026-11-08,Holmen ishall,U9,Jutul Rød,Frisk Asker 1,3
2026-11-08,Holmen ishall,U9,Frisk Asker 2,Holmen Hockey Rød,0
2026-11-08,Holmen ishall,U9,Holmen Hockey Hvit,Frisk Asker 1,1
2026-11-08,Holmen ishall,U9,Jar Rød,Jutul Hvit,2
2026-11-08,Holmen ishall,U9,Jutul Rød,Jar Blå,3
2026-11-08,Holmen ishall,U9,Frisk Asker 2,Jar Blå,0
2026-11-08,Holmen ishall,U9,Holmen Hockey Hvit,Jutul Hvit,1
2026-11-08,Holmen ishall,U9,Jar Rød,Frisk Asker 1,2
2026-11-08,Holmen ishall,U9,Jutul Rød,Holmen Hockey Rød,3
2026-11-14,Baerum ishall,U10,Frisk Asker 3,Jar Svart,0
2026-11-14,Baerum ishall,U10,Holmen Hockey Sort,Ringerike 2,1
2026-11-14,Baerum ishall,U10,Jutul Hvit,Jar Blå,2
2026-11-14,Baerum ishall,U10,Jar Blå,Frisk Asker 3,0
2026-11-14,Baerum ishall,U10,Jutul Hvit,Holmen Hockey Sort,1
2026-11-14,Baerum ishall,U10,Ringerike 2,Jar Svart,2
2026-11-14,Baerum ishall,U10,Holmen Hockey Sort,Jar Svart,0
2026-11-14,Baerum ishall,U10,Jar Blå,Ringerike 2,1
2026-11-14,Baerum ishall,U10,Jutul Hvit,Frisk Asker 3,2
2026-11-14,Baerum ishall,U10,Frisk Asker 3,Ringerike 2,0
2026-11-14,Baerum ishall,U10,Jar Blå,Holmen Hockey Sort,1
2026-11-14,Baerum ishall,U10,Jutul Hvit,Jar Svart,2
2026-11-14,Baerum ishall,U10,Frisk Asker 3,Holmen Hockey Sort,0
2026-11-14,Baerum ishall,U10,Jar Blå,Jar Svart,1
2026-11-14,Baerum ishall,U10,Jutul Hvit,Ringerike 2,2
2026-11-14,Askerhallen,U11,Jar Grønn,Frisk Asker 1,0
2026-11-14,Askerhallen,U11,Sandefjord,Jar Lilla,1
2026-11-14,Askerhallen,U11,Tønsberg Rød,Holmen Hockey Hvit,2
2026-11-14,Askerhallen,U11,Frisk Asker 1,Tønsberg Rød,0
2026-11-14,Askerhallen,U11,Holmen Hockey Hvit,Jar Lilla,1
2026-11-14,Askerhallen,U11,Jar Grønn,Sandefjord,2
2026-11-14,Askerhallen,U11,Frisk Asker 1,Sandefjord,0
2026-11-14,Askerhallen,U11,Jar Grønn,Holmen Hockey Hvit,1
2026-11-14,Askerhallen,U11,Tønsberg Rød,Jar Lilla,2
2026-11-14,Askerhallen,U11,Frisk Asker 1,Jar Lilla,0
2026-11-14,Askerhallen,U11,Jar Grønn,Tønsberg Rød,1
2026-11-14,Askerhallen,U11,Sandefjord,Holmen Hockey Hvit,2
2026-11-14,Askerhallen,U11,Frisk Asker 1,Holmen Hockey Hvit,0
2026-11-14,Askerhallen,U11,Jar Grønn,Jar Lilla,1
2026-11-14,Askerhallen,U11,Sandefjord,Tønsberg Rød,2
2026-11-14,Jar Isforum,U12,Jar Rød,Holmen Hockey Rød,0
2026-11-14,Jar Isforum,U12,Tønsberg Grå,Kongsberg,1
2026-11-14,Jar Isforum,U12,Kongsberg,Holmen Hockey Rød,0
2026-11-14,Jar Isforum,U12,Tønsberg Grå,Jar Rød,1
2026-11-14,Jar Isforum,U12,Jar Rød,Kongsberg,0
2026-11-14,Jar Isforum,U12,Tønsberg Grå,Holmen Hockey Rød,1
2026-11-14,Jar Isforum,U8,Holmen Hockey Sort,Frisk Asker 1,0
2026-11-14,Jar Isforum,U8,Jar Svart,Jutul Rød,1
2026-11-14,Jar Isforum,U8,Ringerike 1,Jar Rød,2
2026-11-14,Jar Isforum,U8,Tønsberg,Holmen Hockey Rød,3
2026-11-14,Jar Isforum,U8,Holmen Hockey Rød,Jar Rød,0
2026-11-14,Jar Isforum,U8,Holmen Hockey Sort,Jutul Rød,1
2026-11-14,Jar Isforum,U8,Jar Svart,Frisk Asker 1,2
2026-11-14,Jar Isforum,U8,Tønsberg,Ringerike 1,3
2026-11-14,Jar Isforum,U8,Frisk Asker 1,Jar Rød,0
2026-11-14,Jar Isforum,U8,Holmen Hockey Sort,Tønsberg,1
2026-11-14,Jar Isforum,U8,Jar Svart,Holmen Hockey Rød,2
2026-11-14,Jar Isforum,U8,Jutul Rød,Ringerike 1,3
2026-11-14,Jar Isforum,U8,Frisk Asker 1,Holmen Hockey Rød,0
2026-11-14,Jar Isforum,U8,Holmen Hockey Sort,Ringerike 1,1
2026-11-14,Jar Isforum,U8,Jar Svart,Tønsberg,2
2026-11-14,Jar Isforum,U8,Jutul Rød,Jar Rød,3
2026-11-14,Jar Isforum,U8,Frisk Asker 1,Tønsberg,0
2026-11-14,Jar Isforum,U8,Holmen Hockey Sort,Jar Rød,1
2026-11-14,Jar Isforum,U8,Jar Svart,Ringerike 1,2
2026-11-14,Jar Isforum,U8,Jutul Rød,Holmen Hockey Rød,3
2026-11-15,Jar Isforum,U10,Holmen Hockey Blå,Frisk Asker 4,0
2026-11-15,Jar Isforum,U10,Jar Gul,Frisk Asker 2,1
2026-11-15,Jar Isforum,U10,Ringerike 3,Jar Hvit,2
2026-11-15,Jar Isforum,U10,Frisk Asker 2,Ringerike 3,0
2026-11-15,Jar Isforum,U10,Jar Gul,Holmen Hockey Blå,1
2026-11-15,Jar Isforum,U10,Jar Hvit,Frisk Asker 4,2
2026-11-15,Jar Isforum,U10,Frisk Asker 2,Holmen Hockey Blå,0
2026-11-15,Jar Isforum,U10,Jar Gul,Jar Hvit,1
2026-11-15,Jar Isforum,U10,Ringerike 3,Frisk Asker 4,2
2026-11-15,Jar Isforum,U10,Frisk Asker 2,Frisk Asker 4,0
2026-11-15,Jar Isforum,U10,Holmen Hockey Blå,Jar Hvit,1
2026-11-15,Jar Isforum,U10,Jar Gul,Ringerike 3,2
2026-11-15,Jar Isforum,U10,Frisk Asker 2,Jar Hvit,0
2026-11-15,Jar Isforum,U10,Holmen Hockey Blå,Ringerike 3,1
2026-11-15,Jar Isforum,U10,Jar Gul,Frisk Asker 4,2
2026-11-15,Askerhallen,U11,Jar Gul,Frisk Asker 4,0
2026-11-15,Askerhallen,U11,Jar Hvit,Holmen Hockey Hvit,1
2026-11-15,Askerhallen,U11,Jar Svart,Tønsberg Hvit,2
2026-11-15,Askerhallen,U11,Frisk Asker 4,Jar Svart,0
2026-11-15,Askerhallen,U11,Jar Gul,Holmen Hockey Hvit,1
2026-11-15,Askerhallen,U11,Jar Hvit,Tønsberg Hvit,2
2026-11-15,Askerhallen,U11,Frisk Asker 4,Jar Hvit,0
2026-11-15,Askerhallen,U11,Jar Gul,Jar Svart,1
2026-11-15,Askerhallen,U11,Tønsberg Hvit,Holmen Hockey Hvit,2
2026-11-15,Askerhallen,U11,Frisk Asker 4,Tønsberg Hvit,0
2026-11-15,Askerhallen,U11,Jar Gul,Jar Hvit,1
2026-11-15,Askerhallen,U11,Jar Svart,Holmen Hockey Hvit,2
2026-11-15,Askerhallen,U11,Frisk Asker 4,Holmen Hockey Hvit,0
2026-11-15,Askerhallen,U11,Jar Gul,Tønsberg Hvit,1
2026-11-15,Askerhallen,U11,Jar Svart,Jar Hvit,2
2026-11-15,Tonsberghallen,U12,Frisk Asker 3,Ringerike 1,0
2026-11-15,Tonsberghallen,U12,Jar Blå,Tønsberg Rød,1
2026-11-15,Tonsberghallen,U12,Jar Blå,Frisk Asker 3,0
2026-11-15,Tonsberghallen,U12,Tønsberg Rød,Ringerike 1,1
2026-11-15,Tonsberghallen,U12,Frisk Asker 3,Tønsberg Rød,0
2026-11-15,Tonsberghallen,U12,Jar Blå,Ringerike 1,1
2026-11-15,Holmen ishall,U8,Frisk Asker 3,Jar Svart,0
2026-11-15,Holmen ishall,U8,Holmen Hockey Blå,Jutul Gul,1
2026-11-15,Holmen ishall,U8,Jutul Grønn,Kongsberg,2
2026-11-15,Holmen ishall,U8,Ringerike 2,Jutul Rød,3
2026-11-15,Holmen ishall,U8,Holmen Hockey Blå,Ringerike 2,0
2026-11-15,Holmen ishall,U8,Jar Svart,Jutul Grønn,1
2026-11-15,Holmen ishall,U8,Jutul Gul,Frisk Asker 3,2
2026-11-15,Holmen ishall,U8,Jutul Rød,Kongsberg,3
2026-11-15,Holmen ishall,U8,Frisk Asker 3,Jutul Rød,0
2026-11-15,Holmen ishall,U8,Holmen Hockey Blå,Kongsberg,1
2026-11-15,Holmen ishall,U8,Jutul Grønn,Ringerike 2,2
2026-11-15,Holmen ishall,U8,Jutul Gul,Jar Svart,3
2026-11-15,Holmen ishall,U8,Frisk Asker 3,Jutul Grønn,0
2026-11-15,Holmen ishall,U8,Holmen Hockey Blå,Jutul Rød,1
2026-11-15,Holmen ishall,U8,Jar Svart,Ringerike 2,2
2026-11-15,Holmen ishall,U8,Jutul Gul,Kongsberg,3
2026-11-15,Holmen ishall,U8,Frisk Asker 3,Kongsberg,0
2026-11-15,Holmen ishall,U8,Holmen Hockey Blå,Jutul Grønn,1
2026-11-15,Holmen ishall,U8,Jar Svart,Jutul Rød,2
2026-11-15,Holmen ishall,U8,Jutul Gul,Ringerike 2,3
2026-11-21,Askerhallen,JU8,Jar,Ringerike 1,0
2026-11-21,Askerhallen,JU8,Jutul Kittens,Skien,1
2026-11-21,Askerhallen,JU8,Frisk Asker,Skien,0
2026-11-21,Askerhallen,JU8,Jutul Kittens,Ringerike 1,1
2026-11-21,Askerhallen,JU8,Frisk Asker,Jar,0
2026-11-21,Askerhallen,JU8,Ringerike 1,Skien,1
2026-11-21,Askerhallen,JU8,Frisk Asker,Jutul Kittens,0
2026-11-21,Askerhallen,JU8,Jar,Skien,1
2026-11-21,Askerhallen,JU8,Frisk Asker,Ringerike 1,0
2026-11-21,Askerhallen,JU8,Jar,Jutul Kittens,1
2026-11-21,Askerhallen,JU8,(Pause),Frisk Asker,
2026-11-21,Askerhallen,JU8,(Pause),Jar,
2026-11-21,Askerhallen,JU8,(Pause),Jutul Kittens,
2026-11-21,Askerhallen,JU8,(Pause),Ringerike 1,
2026-11-21,Askerhallen,JU8,(Pause),Skien,
2026-11-21,Askerhallen,U10,Frisk Asker 5,Jar Rød,0
2026-11-21,Askerhallen,U10,Holmen Hockey Blå,Jutul Rød,1
2026-11-21,Askerhallen,U10,Ringerike 2,Kongsberg,2
2026-11-21,Askerhallen,U10,Frisk Asker 5,Ringerike 2,0
2026-11-21,Askerhallen,U10,Jar Rød,Holmen Hockey Blå,1
2026-11-21,Askerhallen,U10,Jutul Rød,Kongsberg,2
2026-11-21,Askerhallen,U10,Frisk Asker 5,Holmen Hockey Blå,0
2026-11-21,Askerhallen,U10,Jar Rød,Kongsberg,1
2026-11-21,Askerhallen,U10,Ringerike 2,Jutul Rød,2
2026-11-21,Askerhallen,U10,Frisk Asker 5,Jutul Rød,0
2026-11-21,Askerhallen,U10,Holmen Hockey Blå,Kongsberg,1
2026-11-21,Askerhallen,U10,Jar Rød,Ringerike 2,2
2026-11-21,Askerhallen,U10,Frisk Asker 5,Kongsberg,0
2026-11-21,Askerhallen,U10,Holmen Hockey Blå,Ringerike 2,1
2026-11-21,Askerhallen,U10,Jar Rød,Jutul Rød,2
2026-11-21,Tonsberghallen,U11,Jar Oransje,Tønsberg Rød,0
2026-11-21,Tonsberghallen,U11,Jar Rød,Frisk Asker 4,1
2026-11-21,Tonsberghallen,U11,Kongsberg,Jutul Grønn,2
2026-11-21,Tonsberghallen,U11,Jar Oransje,Jutul Grønn,0
2026-11-21,Tonsberghallen,U11,Kongsberg,Frisk Asker 4,1
2026-11-21,Tonsberghallen,U11,Tønsberg Rød,Jar Rød,2
2026-11-21,Tonsberghallen,U11,Jar Oransje,Jar Rød,0
2026-11-21,Tonsberghallen,U11,Jutul Grønn,Frisk Asker 4,1
2026-11-21,Tonsberghallen,U11,Tønsberg Rød,Kongsberg,2
2026-11-21,Tonsberghallen,U11,Jar Oransje,Kongsberg,0
2026-11-21,Tonsberghallen,U11,Jar Rød,Jutul Grønn,1
2026-11-21,Tonsberghallen,U11,Tønsberg Rød,Frisk Asker 4,2
2026-11-21,Tonsberghallen,U11,Jar Oransje,Frisk Asker 4,0
2026-11-21,Tonsberghallen,U11,Jar Rød,Kongsberg,1
2026-11-21,Tonsberghallen,U11,Tønsberg Rød,Jutul Grønn,2
2026-11-21,Baerum ishall,U12,Jutul Rød,Frisk Asker 2,0
2026-11-21,Baerum ishall,U12,Tønsberg Hvit,Jar Svart,1
2026-11-21,Baerum ishall,U12,Frisk Asker 2,Jar Svart,0
2026-11-21,Baerum ishall,U12,Jutul Rød,Tønsberg Hvit,1
2026-11-21,Baerum ishall,U12,Jutul Rød,Jar Svart,0
2026-11-21,Baerum ishall,U12,Tønsberg Hvit,Frisk Asker 2,1
2026-11-21,Ringerikshallen,U9,Frisk Asker 3,Jutul Grønn,0
2026-11-21,Ringerikshallen,U9,Frisk Asker 4,Kongsberg,1
2026-11-21,Ringerikshallen,U9,Jar Hvit,Holmen Hockey Sort,2
2026-11-21,Ringerikshallen,U9,Ringerike 1,Sandefjord,3
2026-11-21,Ringerikshallen,U9,Frisk Asker 3,Holmen Hockey Sort,0
2026-11-21,Ringerikshallen,U9,Jar Hvit,Sandefjord,1
2026-11-21,Ringerikshallen,U9,Jutul Grønn,Kongsberg,2
2026-11-21,Ringerikshallen,U9,Ringerike 1,Frisk Asker 4,3
2026-11-21,Ringerikshallen,U9,Frisk Asker 3,Ringerike 1,0
2026-11-21,Ringerikshallen,U9,Holmen Hockey Sort,Frisk Asker 4,1
2026-11-21,Ringerikshallen,U9,Jar Hvit,Kongsberg,2
2026-11-21,Ringerikshallen,U9,Jutul Grønn,Sandefjord,3
2026-11-21,Ringerikshallen,U9,Frisk Asker 3,Kongsberg,0
2026-11-21,Ringerikshallen,U9,Holmen Hockey Sort,Sandefjord,1
2026-11-21,Ringerikshallen,U9,Jar Hvit,Frisk Asker 4,2
2026-11-21,Ringerikshallen,U9,Jutul Grønn,Ringerike 1,3
2026-11-21,Ringerikshallen,U9,Frisk Asker 3,Sandefjord,0
2026-11-21,Ringerikshallen,U9,Holmen Hockey Sort,Kongsberg,1
2026-11-21,Ringerikshallen,U9,Jar Hvit,Ringerike 1,2
2026-11-21,Ringerikshallen,U9,Jutul Grønn,Frisk Asker 4,3
2026-11-22,Askerhallen,JU12,Frisk Asker Svart,Jutul/Jar Kittens,0
2026-11-22,Askerhallen,JU12,Ringerike 2,Kongsberg/Tønsberg,1
2026-11-22,Askerhallen,JU12,Frisk Asker Svart,Ringerike 2,0
2026-11-22,Askerhallen,JU12,Jutul/Jar Kittens,Kongsberg/Tønsberg,1
2026-11-22,Askerhallen,JU12,Frisk Asker Svart,Kongsberg/Tønsberg,0
2026-11-22,Askerhallen,JU12,Ringerike 2,Jutul/Jar Kittens,1
2026-11-22,Holmen ishall,U10,Holmen Hockey Hvit,Frisk Asker 1,0
2026-11-22,Holmen ishall,U10,Jar Gul,Jutul Hvit,1
2026-11-22,Holmen ishall,U10,Ringerike 4,Tønsberg,2
2026-11-22,Holmen ishall,U10,Frisk Asker 1,Jar Gul,0
2026-11-22,Holmen ishall,U10,Holmen Hockey Hvit,Ringerike 4,1
2026-11-22,Holmen ishall,U10,Jutul Hvit,Tønsberg,2
2026-11-22,Holmen ishall,U10,Frisk Asker 1,Tønsberg,0
2026-11-22,Holmen ishall,U10,Holmen Hockey Hvit,Jar Gul,1
2026-11-22,Holmen ishall,U10,Ringerike 4,Jutul Hvit,2
2026-11-22,Holmen ishall,U10,Frisk Asker 1,Ringerike 4,0
2026-11-22,Holmen ishall,U10,Holmen Hockey Hvit,Jutul Hvit,1
2026-11-22,Holmen ishall,U10,Jar Gul,Tønsberg,2
2026-11-22,Holmen ishall,U10,Frisk Asker 1,Jutul Hvit,0
2026-11-22,Holmen ishall,U10,Holmen Hockey Hvit,Tønsberg,1
2026-11-22,Holmen ishall,U10,Jar Gul,Ringerike 4,2
2026-11-22,Askerhallen,U11,Frisk Asker 1,Holmen Hockey Rød,0
2026-11-22,Askerhallen,U11,Jar Blå,Ringerike 2,1
2026-11-22,Askerhallen,U11,Sandefjord,Tønsberg Grå,2
2026-11-22,Askerhallen,U11,Holmen Hockey Rød,Tønsberg Grå,0
2026-11-22,Askerhallen,U11,Jar Blå,Sandefjord,1
2026-11-22,Askerhallen,U11,Ringerike 2,Frisk Asker 1,2
2026-11-22,Askerhallen,U11,Jar Blå,Frisk Asker 1,0
2026-11-22,Askerhallen,U11,Ringerike 2,Tønsberg Grå,1
2026-11-22,Askerhallen,U11,Sandefjord,Holmen Hockey Rød,2
2026-11-22,Askerhallen,U11,Frisk Asker 1,Tønsberg Grå,0
2026-11-22,Askerhallen,U11,Jar Blå,Holmen Hockey Rød,1
2026-11-22,Askerhallen,U11,Ringerike 2,Sandefjord,2
2026-11-22,Askerhallen,U11,Frisk Asker 1,Sandefjord,0
2026-11-22,Askerhallen,U11,Jar Blå,Tønsberg Grå,1
2026-11-22,Askerhallen,U11,Ringerike 2,Holmen Hockey Rød,2
2026-11-22,Kongsberghallen,U12,Jar Svart,Jutul Grønn,0
2026-11-22,Kongsberghallen,U12,Kongsberg,Frisk Asker 3,1
2026-11-22,Kongsberghallen,U12,Frisk Asker 3,Jutul Grønn,0
2026-11-22,Kongsberghallen,U12,Kongsberg,Jar Svart,1
2026-11-22,Kongsberghallen,U12,Jar Svart,Frisk Asker 3,0
2026-11-22,Kongsberghallen,U12,Kongsberg,Jutul Grønn,1
2026-11-22,Skien ishall,U8,Frisk Asker 2,Holmen Hockey Sort,0
2026-11-22,Skien ishall,U8,Frisk Asker 4,Tønsberg,1
2026-11-22,Skien ishall,U8,Jar Blå,Jutul Hvit,2
2026-11-22,Skien ishall,U8,Skien,Frisk Asker 5,3
2026-11-22,Skien ishall,U8,Frisk Asker 2,Jar Blå,0
2026-11-22,Skien ishall,U8,Frisk Asker 5,Tønsberg,1
2026-11-22,Skien ishall,U8,Holmen Hockey Sort,Frisk Asker 4,2
2026-11-22,Skien ishall,U8,Jutul Hvit,Skien,3
2026-11-22,Skien ishall,U8,Frisk Asker 2,Jutul Hvit,0
2026-11-22,Skien ishall,U8,Frisk Asker 4,Skien,1
2026-11-22,Skien ishall,U8,Holmen Hockey Sort,Tønsberg,2
2026-11-22,Skien ishall,U8,Jar Blå,Frisk Asker 5,3
2026-11-22,Skien ishall,U8,Frisk Asker 2,Tønsberg,0
2026-11-22,Skien ishall,U8,Holmen Hockey Sort,Skien,1
2026-11-22,Skien ishall,U8,Jar Blå,Frisk Asker 4,2
2026-11-22,Skien ishall,U8,Jutul Hvit,Frisk Asker 5,3
2026-11-22,Skien ishall,U8,Frisk Asker 2,Skien,0
2026-11-22,Skien ishall,U8,Holmen Hockey Sort,Frisk Asker 5,1
2026-11-22,Skien ishall,U8,Jar Blå,Tønsberg,2
2026-11-22,Skien ishall,U8,Jutul Hvit,Frisk Asker 4,3
2026-11-28,Ringerikshallen,U10,Holmen Hockey Rød,Jutul Grønn,0
2026-11-28,Ringerikshallen,U10,Jar Rød,Frisk Asker 3,1
2026-11-28,Ringerikshallen,U10,Ringerike 1,Frisk Asker 2,2
2026-11-28,Ringerikshallen,U10,Frisk Asker 2,Jar Rød,0
2026-11-28,Ringerikshallen,U10,Jutul Grønn,Frisk Asker 3,1
2026-11-28,Ringerikshallen,U10,Ringerike 1,Holmen Hockey Rød,2
2026-11-28,Ringerikshallen,U10,Frisk Asker 2,Jutul Grønn,0
2026-11-28,Ringerikshallen,U10,Holmen Hockey Rød,Frisk Asker 3,1
2026-11-28,Ringerikshallen,U10,Ringerike 1,Jar Rød,2
2026-11-28,Ringerikshallen,U10,Frisk Asker 2,Holmen Hockey Rød,0
2026-11-28,Ringerikshallen,U10,Jar Rød,Jutul Grønn,1
2026-11-28,Ringerikshallen,U10,Ringerike 1,Frisk Asker 3,2
2026-11-28,Ringerikshallen,U10,Frisk Asker 2,Frisk Asker 3,0
2026-11-28,Ringerikshallen,U10,Jar Rød,Holmen Hockey Rød,1
2026-11-28,Ringerikshallen,U10,Ringerike 1,Jutul Grønn,2
2026-11-28,Askerhallen,U11,Jar Grønn,Frisk Asker 2,0
2026-11-28,Askerhallen,U11,Jutul Rød,Jar Hvit,1
2026-11-28,Askerhallen,U11,Skien,Ringerike 1,2
2026-11-28,Askerhallen,U11,Frisk Asker 2,Skien,0
2026-11-28,Askerhallen,U11,Jar Grønn,Jutul Rød,1
2026-11-28,Askerhallen,U11,Ringerike 1,Jar Hvit,2
2026-11-28,Askerhallen,U11,Frisk Asker 2,Jutul Rød,0
2026-11-28,Askerhallen,U11,Jar Grønn,Ringerike 1,1
2026-11-28,Askerhallen,U11,Skien,Jar Hvit,2
2026-11-28,Askerhallen,U11,Frisk Asker 2,Jar Hvit,0
2026-11-28,Askerhallen,U11,Jar Grønn,Skien,1
2026-11-28,Askerhallen,U11,Jutul Rød,Ringerike 1,2
2026-11-28,Askerhallen,U11,Frisk Asker 2,Ringerike 1,0
2026-11-28,Askerhallen,U11,Jar Grønn,Jar Hvit,1
2026-11-28,Askerhallen,U11,Jutul Rød,Skien,2
2026-11-28,Tonsberghallen,U12,Jutul Rød,Ringerike 1,0
2026-11-28,Tonsberghallen,U12,Tønsberg Grå,Holmen Hockey Hvit,1
2026-11-28,Tonsberghallen,U12,Holmen Hockey Hvit,Ringerike 1,0
2026-11-28,Tonsberghallen,U12,Tønsberg Grå,Jutul Rød,1
2026-11-28,Tonsberghallen,U12,Jutul Rød,Holmen Hockey Hvit,0
2026-11-28,Tonsberghallen,U12,Tønsberg Grå,Ringerike 1,1
2026-11-28,Baerum ishall,U9,Frisk Asker 2,Holmen Hockey Sort,0
2026-11-28,Baerum ishall,U9,Jutul Grønn,Jar Rød,1
2026-11-28,Baerum ishall,U9,Ringerike 1,Sandefjord,2
2026-11-28,Baerum ishall,U9,Tønsberg,Kongsberg,3
2026-11-28,Baerum ishall,U9,Frisk Asker 2,Sandefjord,0
2026-11-28,Baerum ishall,U9,Holmen Hockey Sort,Tønsberg,1
2026-11-28,Baerum ishall,U9,Jar Rød,Ringerike 1,2
2026-11-28,Baerum ishall,U9,Jutul Grønn,Kongsberg,3
2026-11-28,Baerum ishall,U9,Frisk Asker 2,Ringerike 1,0
2026-11-28,Baerum ishall,U9,Holmen Hockey Sort,Sandefjord,1
2026-11-28,Baerum ishall,U9,Jar Rød,Kongsberg,2
2026-11-28,Baerum ishall,U9,Jutul Grønn,Tønsberg,3
2026-11-28,Baerum ishall,U9,Frisk Asker 2,Tønsberg,0
2026-11-28,Baerum ishall,U9,Holmen Hockey Sort,Kongsberg,1
2026-11-28,Baerum ishall,U9,Jar Rød,Sandefjord,2
2026-11-28,Baerum ishall,U9,Jutul Grønn,Ringerike 1,3
2026-11-28,Baerum ishall,U9,Frisk Asker 2,Kongsberg,0
2026-11-28,Baerum ishall,U9,Holmen Hockey Sort,Ringerike 1,1
2026-11-28,Baerum ishall,U9,Jar Rød,Tønsberg,2
2026-11-28,Baerum ishall,U9,Jutul Grønn,Sandefjord,3
2026-11-29,Jar Isforum,U10,Holmen Hockey Sort,Jar Grønn,0
2026-11-29,Jar Isforum,U10,Jar Blå,Frisk Asker 4,1
2026-11-29,Jar Isforum,U10,Ringerike 3,Jar Svart,2
2026-11-29,Jar Isforum,U10,Frisk Asker 4,Ringerike 3,0
2026-11-29,Jar Isforum,U10,Jar Blå,Holmen Hockey Sort,1
2026-11-29,Jar Isforum,U10,Jar Grønn,Jar Svart,2
2026-11-29,Jar Isforum,U10,Frisk Asker 4,Jar Grønn,0
2026-11-29,Jar Isforum,U10,Holmen Hockey Sort,Jar Svart,1
2026-11-29,Jar Isforum,U10,Jar Blå,Ringerike 3,2
2026-11-29,Jar Isforum,U10,Frisk Asker 4,Holmen Hockey Sort,0
2026-11-29,Jar Isforum,U10,Jar Blå,Jar Svart,1
2026-11-29,Jar Isforum,U10,Ringerike 3,Jar Grønn,2
2026-11-29,Jar Isforum,U10,Frisk Asker 4,Jar Svart,0
2026-11-29,Jar Isforum,U10,Jar Blå,Jar Grønn,1
2026-11-29,Jar Isforum,U10,Ringerike 3,Holmen Hockey Sort,2
2026-11-29,Bugården ishall,U11,Jar Gul,Frisk Asker 3,0
2026-11-29,Bugården ishall,U11,Jar Oransje,Jar Rød,1
2026-11-29,Bugården ishall,U11,Sandefjord,Tønsberg Grå,2
2026-11-29,Bugården ishall,U11,Frisk Asker 3,Tønsberg Grå,0
2026-11-29,Bugården ishall,U11,Jar Gul,Jar Oransje,1
2026-11-29,Bugården ishall,U11,Sandefjord,Jar Rød,2
2026-11-29,Bugården ishall,U11,Frisk Asker 3,Jar Oransje,0
2026-11-29,Bugården ishall,U11,Jar Gul,Sandefjord,1
2026-11-29,Bugården ishall,U11,Jar Rød,Tønsberg Grå,2
2026-11-29,Bugården ishall,U11,Frisk Asker 3,Sandefjord,0
2026-11-29,Bugården ishall,U11,Jar Gul,Jar Rød,1
2026-11-29,Bugården ishall,U11,Jar Oransje,Tønsberg Grå,2
2026-11-29,Bugården ishall,U11,Frisk Asker 3,Jar Rød,0
2026-11-29,Bugården ishall,U11,Jar Gul,Tønsberg Grå,1
2026-11-29,Bugården ishall,U11,Jar Oransje,Sandefjord,2
2026-11-29,Holmen ishall,U12,Holmen Hockey Rød,Jar Blå,0
2026-11-29,Holmen ishall,U12,Ringerike 2,Tønsberg Hvit,1
2026-11-29,Holmen ishall,U12,Holmen Hockey Rød,Ringerike 2,0
2026-11-29,Holmen ishall,U12,Jar Blå,Tønsberg Hvit,1
2026-11-29,Holmen ishall,U12,Holmen Hockey Rød,Tønsberg Hvit,0
2026-11-29,Holmen ishall,U12,Ringerike 2,Jar Blå,1
2026-11-29,Askerhallen,U9,Frisk Asker 1,Jar Hvit,0
2026-11-29,Askerhallen,U9,Frisk Asker 3,Jar Blå,1
2026-11-29,Askerhallen,U9,Frisk Asker 4,Jutul Hvit,2
2026-11-29,Askerhallen,U9,Jutul Rød,Holmen Hockey Hvit,3
2026-11-29,Askerhallen,U9,Frisk Asker 1,Jutul Rød,0
2026-11-29,Askerhallen,U9,Frisk Asker 3,Jutul Hvit,1
2026-11-29,Askerhallen,U9,Frisk Asker 4,Jar Blå,2
2026-11-29,Askerhallen,U9,Jar Hvit,Holmen Hockey Hvit,3
2026-11-29,Askerhallen,U9,Frisk Asker 1,Holmen Hockey Hvit,0
2026-11-29,Askerhallen,U9,Jar Blå,Jutul Hvit,1
2026-11-29,Askerhallen,U9,Jar Hvit,Frisk Asker 4,2
2026-11-29,Askerhallen,U9,Jutul Rød,Frisk Asker 3,3
2026-11-29,Askerhallen,U9,Frisk Asker 1,Jar Blå,0
2026-11-29,Askerhallen,U9,Holmen Hockey Hvit,Frisk Asker 3,1
2026-11-29,Askerhallen,U9,Jar Hvit,Jutul Hvit,2
2026-11-29,Askerhallen,U9,Jutul Rød,Frisk Asker 4,3
2026-11-29,Askerhallen,U9,Frisk Asker 1,Jutul Hvit,0
2026-11-29,Askerhallen,U9,Holmen Hockey Hvit,Frisk Asker 4,1
2026-11-29,Askerhallen,U9,Jar Hvit,Frisk Asker 3,2
2026-11-29,Askerhallen,U9,Jutul Rød,Jar Blå,3
2026-12-05,Jar Isforum,JU10,Frisk Asker Orange,Frisk Asker Svart,0
2026-12-05,Jar Isforum,JU10,Jar Rød,Skien,1
2026-12-05,Jar Isforum,JU10,Ringerike 1,Jar Blå,2
2026-12-05,Jar Isforum,JU10,Jar Blå,Frisk Asker Svart,0
2026-12-05,Jar Isforum,JU10,Jar Rød,Frisk Asker Orange,1
2026-12-05,Jar Isforum,JU10,Skien,Ringerike 1,2
2026-12-05,Jar Isforum,JU10,Jar Rød,Jar Blå,0
2026-12-05,Jar Isforum,JU10,Ringerike 1,Frisk Asker Svart,1
2026-12-05,Jar Isforum,JU10,Skien,Frisk Asker Orange,2
2026-12-05,Jar Isforum,JU10,Frisk Asker Orange,Jar Blå,0
2026-12-05,Jar Isforum,JU10,Jar Rød,Ringerike 1,1
2026-12-05,Jar Isforum,JU10,Skien,Frisk Asker Svart,2
2026-12-05,Jar Isforum,JU10,Frisk Asker Orange,Ringerike 1,0
2026-12-05,Jar Isforum,JU10,Jar Rød,Frisk Asker Svart,1
2026-12-05,Jar Isforum,JU10,Skien,Jar Blå,2
2026-12-05,Baerum ishall,U10,Frisk Asker 5,Jar Hvit,0
2026-12-05,Baerum ishall,U10,Frisk Asker 6,Holmen Hockey Hvit,1
2026-12-05,Baerum ishall,U10,Jutul Grønn,Ringerike 3,2
2026-12-05,Baerum ishall,U10,Frisk Asker 5,Frisk Asker 6,0
2026-12-05,Baerum ishall,U10,Holmen Hockey Hvit,Ringerike 3,1
2026-12-05,Baerum ishall,U10,Jar Hvit,Jutul Grønn,2
2026-12-05,Baerum ishall,U10,Frisk Asker 5,Jutul Grønn,0
2026-12-05,Baerum ishall,U10,Frisk Asker 6,Ringerike 3,1
2026-12-05,Baerum ishall,U10,Jar Hvit,Holmen Hockey Hvit,2
2026-12-05,Baerum ishall,U10,Frisk Asker 5,Ringerike 3,0
2026-12-05,Baerum ishall,U10,Jar Hvit,Frisk Asker 6,1
2026-12-05,Baerum ishall,U10,Jutul Grønn,Holmen Hockey Hvit,2
2026-12-05,Baerum ishall,U10,Frisk Asker 5,Holmen Hockey Hvit,0
2026-12-05,Baerum ishall,U10,Jar Hvit,Ringerike 3,1
2026-12-05,Baerum ishall,U10,Jutul Grønn,Frisk Asker 6,2
2026-12-05,Ringerikshallen,U11,Jar Lilla,Ringerike 2,0
2026-12-05,Ringerikshallen,U11,Jar Svart,Holmen Hockey Hvit,1
2026-12-05,Ringerikshallen,U11,Kongsberg,Frisk Asker 3,2
2026-12-05,Ringerikshallen,U11,Jar Lilla,Frisk Asker 3,0
2026-12-05,Ringerikshallen,U11,Kongsberg,Holmen Hockey Hvit,1
2026-12-05,Ringerikshallen,U11,Ringerike 2,Jar Svart,2
2026-12-05,Ringerikshallen,U11,Frisk Asker 3,Holmen Hockey Hvit,0
2026-12-05,Ringerikshallen,U11,Jar Lilla,Jar Svart,1
2026-12-05,Ringerikshallen,U11,Ringerike 2,Kongsberg,2
2026-12-05,Ringerikshallen,U11,Jar Lilla,Kongsberg,0
2026-12-05,Ringerikshallen,U11,Jar Svart,Frisk Asker 3,1
2026-12-05,Ringerikshallen,U11,Ringerike 2,Holmen Hockey Hvit,2
2026-12-05,Ringerikshallen,U11,Jar Lilla,Holmen Hockey Hvit,0
2026-12-05,Ringerikshallen,U11,Jar Svart,Kongsberg,1
2026-12-05,Ringerikshallen,U11,Ringerike 2,Frisk Asker 3,2
2026-12-05,Askerhallen,U12,Frisk Asker 1,Tønsberg Rød,0
2026-12-05,Askerhallen,U12,Jar Rød,Ringerike 1,1
2026-12-05,Askerhallen,U12,Frisk Asker 1,Jar Rød,0
2026-12-05,Askerhallen,U12,Tønsberg Rød,Ringerike 1,1
2026-12-05,Askerhallen,U12,Frisk Asker 1,Ringerike 1,0
2026-12-05,Askerhallen,U12,Jar Rød,Tønsberg Rød,1
2026-12-05,Askerhallen,U8,Frisk Asker 1,Jutul Hvit,0
2026-12-05,Askerhallen,U8,Jar Hvit,Holmen Hockey Hvit,1
2026-12-05,Askerhallen,U8,Ringerike 1,Jar Blå,2
2026-12-05,Askerhallen,U8,Sandefjord,Jar Svart,3
2026-12-05,Askerhallen,U8,Holmen Hockey Hvit,Ringerike 1,0
2026-12-05,Askerhallen,U8,Jar Hvit,Frisk Asker 1,1
2026-12-05,Askerhallen,U8,Jutul Hvit,Jar Svart,2
2026-12-05,Askerhallen,U8,Sandefjord,Jar Blå,3
2026-12-05,Askerhallen,U8,Frisk Asker 1,Jar Blå,0
2026-12-05,Askerhallen,U8,Holmen Hockey Hvit,Sandefjord,1
2026-12-05,Askerhallen,U8,Jar Hvit,Jutul Hvit,2
2026-12-05,Askerhallen,U8,Ringerike 1,Jar Svart,3
2026-12-05,Askerhallen,U8,Frisk Asker 1,Ringerike 1,0
2026-12-05,Askerhallen,U8,Holmen Hockey Hvit,Jar Svart,1
2026-12-05,Askerhallen,U8,Jar Hvit,Sandefjord,2
2026-12-05,Askerhallen,U8,Jutul Hvit,Jar Blå,3
2026-12-05,Askerhallen,U8,Frisk Asker 1,Jar Svart,0
2026-12-05,Askerhallen,U8,Holmen Hockey Hvit,Jar Blå,1
2026-12-05,Askerhallen,U8,Jar Hvit,Ringerike 1,2
2026-12-05,Askerhallen,U8,Jutul Hvit,Sandefjord,3
2026-12-06,Ringerikshallen,JU12,Frisk Asker Svart,Kongsberg/Tønsberg,0
2026-12-06,Ringerikshallen,JU12,Ringerike 1,Jutul/Jar Kittens,1
2026-12-06,Ringerikshallen,JU12,Jutul/Jar Kittens,Kongsberg/Tønsberg,0
2026-12-06,Ringerikshallen,JU12,Ringerike 1,Frisk Asker Svart,1
2026-12-06,Ringerikshallen,JU12,Frisk Asker Svart,Jutul/Jar Kittens,0
2026-12-06,Ringerikshallen,JU12,Ringerike 1,Kongsberg/Tønsberg,1
2026-12-06,Askerhallen,U10,Frisk Asker 1,Jar Hvit,0
2026-12-06,Askerhallen,U10,Holmen Hockey Rød,Tønsberg,1
2026-12-06,Askerhallen,U10,Ringerike 2,Jutul Rød,2
2026-12-06,Askerhallen,U10,Frisk Asker 1,Holmen Hockey Rød,0
2026-12-06,Askerhallen,U10,Jar Hvit,Ringerike 2,1
2026-12-06,Askerhallen,U10,Jutul Rød,Tønsberg,2
2026-12-06,Askerhallen,U10,Frisk Asker 1,Ringerike 2,0
2026-12-06,Askerhallen,U10,Holmen Hockey Rød,Jutul Rød,1
2026-12-06,Askerhallen,U10,Jar Hvit,Tønsberg,2
2026-12-06,Askerhallen,U10,Frisk Asker 1,Jutul Rød,0
2026-12-06,Askerhallen,U10,Jar Hvit,Holmen Hockey Rød,1
2026-12-06,Askerhallen,U10,Ringerike 2,Tønsberg,2
2026-12-06,Askerhallen,U10,Frisk Asker 1,Tønsberg,0
2026-12-06,Askerhallen,U10,Jar Hvit,Jutul Rød,1
2026-12-06,Askerhallen,U10,Ringerike 2,Holmen Hockey Rød,2
2026-12-06,Holmen ishall,U11,Frisk Asker 4,Ringerike 1,0
2026-12-06,Holmen ishall,U11,Holmen Hockey Rød,Jar Grønn,1
2026-12-06,Holmen ishall,U11,Jutul Grønn,Skien,2
2026-12-06,Holmen ishall,U11,Holmen Hockey Rød,Frisk Asker 4,0
2026-12-06,Holmen ishall,U11,Jar Grønn,Jutul Grønn,1
2026-12-06,Holmen ishall,U11,Skien,Ringerike 1,2
2026-12-06,Holmen ishall,U11,Frisk Asker 4,Skien,0
2026-12-06,Holmen ishall,U11,Holmen Hockey Rød,Jutul Grønn,1
2026-12-06,Holmen ishall,U11,Jar Grønn,Ringerike 1,2
2026-12-06,Holmen ishall,U11,Holmen Hockey Rød,Skien,0
2026-12-06,Holmen ishall,U11,Jar Grønn,Frisk Asker 4,1
2026-12-06,Holmen ishall,U11,Jutul Grønn,Ringerike 1,2
2026-12-06,Holmen ishall,U11,Holmen Hockey Rød,Ringerike 1,0
2026-12-06,Holmen ishall,U11,Jar Grønn,Skien,1
2026-12-06,Holmen ishall,U11,Jutul Grønn,Frisk Asker 4,2
2026-12-06,Ringerikshallen,U12,Frisk Asker 2,Ringerike 2,0
2026-12-06,Ringerikshallen,U12,Jar Hvit,Tønsberg Hvit,1
2026-12-06,Ringerikshallen,U12,Jar Hvit,Frisk Asker 2,0
2026-12-06,Ringerikshallen,U12,Tønsberg Hvit,Ringerike 2,1
2026-12-06,Ringerikshallen,U12,Frisk Asker 2,Tønsberg Hvit,0
2026-12-06,Ringerikshallen,U12,Jar Hvit,Ringerike 2,1
2026-12-06,Tonsberghallen,U9,Holmen Hockey Rød,Frisk Asker 3,0
2026-12-06,Tonsberghallen,U9,Jutul Grønn,Holmen Hockey Hvit,1
2026-12-06,Tonsberghallen,U9,Skien,Holmen Hockey Sort,2
2026-12-06,Tonsberghallen,U9,Tønsberg,Jar Blå,3
2026-12-06,Tonsberghallen,U9,Frisk Asker 3,Jutul Grønn,0
2026-12-06,Tonsberghallen,U9,Holmen Hockey Rød,Tønsberg,1
2026-12-06,Tonsberghallen,U9,Jar Blå,Holmen Hockey Sort,2
2026-12-06,Tonsberghallen,U9,Skien,Holmen Hockey Hvit,3
2026-12-06,Tonsberghallen,U9,Frisk Asker 3,Skien,0
2026-12-06,Tonsberghallen,U9,Holmen Hockey Rød,Jar Blå,1
2026-12-06,Tonsberghallen,U9,Jutul Grønn,Holmen Hockey Sort,2
2026-12-06,Tonsberghallen,U9,Tønsberg,Holmen Hockey Hvit,3
2026-12-06,Tonsberghallen,U9,Frisk Asker 3,Holmen Hockey Sort,0
2026-12-06,Tonsberghallen,U9,Holmen Hockey Rød,Skien,1
2026-12-06,Tonsberghallen,U9,Jar Blå,Holmen Hockey Hvit,2
2026-12-06,Tonsberghallen,U9,Tønsberg,Jutul Grønn,3
2026-12-06,Tonsberghallen,U9,Frisk Asker 3,Holmen Hockey Hvit,0
2026-12-06,Tonsberghallen,U9,Holmen Hockey Rød,Jutul Grønn,1
2026-12-06,Tonsberghallen,U9,Jar Blå,Skien,2
2026-12-06,Tonsberghallen,U9,Tønsberg,Holmen Hockey Sort,3
2026-12-12,Askerhallen,JU12,Frisk Asker Orange,Frisk Asker Svart,0
2026-12-12,Askerhallen,JU12,Ringerike 2,Skien,1
2026-12-12,Askerhallen,JU12,Frisk Asker Orange,Ringerike 2,0
2026-12-12,Askerhallen,JU12,Skien,Frisk Asker Svart,1
2026-12-12,Askerhallen,JU12,Frisk Asker Orange,Skien,0
2026-12-12,Askerhallen,JU12,Ringerike 2,Frisk Asker Svart,1
2026-12-12,Jar Isforum,U10,Jar Blå,Frisk Asker 2,0
2026-12-12,Jar Isforum,U10,Kongsberg,Jutul Hvit,1
2026-12-12,Jar Isforum,U10,Ringerike 4,Holmen Hockey Sort,2
2026-12-12,Jar Isforum,U10,Frisk Asker 2,Ringerike 4,0
2026-12-12,Jar Isforum,U10,Holmen Hockey Sort,Jutul Hvit,1
2026-12-12,Jar Isforum,U10,Jar Blå,Kongsberg,2
2026-12-12,Jar Isforum,U10,Frisk Asker 2,Jutul Hvit,0
2026-12-12,Jar Isforum,U10,Jar Blå,Ringerike 4,1
2026-12-12,Jar Isforum,U10,Kongsberg,Holmen Hockey Sort,2
2026-12-12,Jar Isforum,U10,Frisk Asker 2,Kongsberg,0
2026-12-12,Jar Isforum,U10,Jar Blå,Holmen Hockey Sort,1
2026-12-12,Jar Isforum,U10,Ringerike 4,Jutul Hvit,2
2026-12-12,Jar Isforum,U10,Frisk Asker 2,Holmen Hockey Sort,0
2026-12-12,Jar Isforum,U10,Jar Blå,Jutul Hvit,1
2026-12-12,Jar Isforum,U10,Ringerike 4,Kongsberg,2
2026-12-12,Baerum ishall,U11,Frisk Asker 2,Jar Rød,0
2026-12-12,Baerum ishall,U11,Jar Blå,Tønsberg Rød,1
2026-12-12,Baerum ishall,U11,Jutul Rød,Jar Hvit,2
2026-12-12,Baerum ishall,U11,Jar Blå,Jutul Rød,0
2026-12-12,Baerum ishall,U11,Jar Hvit,Jar Rød,1
2026-12-12,Baerum ishall,U11,Tønsberg Rød,Frisk Asker 2,2
2026-12-12,Baerum ishall,U11,Jar Blå,Frisk Asker 2,0
2026-12-12,Baerum ishall,U11,Jutul Rød,Jar Rød,1
2026-12-12,Baerum ishall,U11,Tønsberg Rød,Jar Hvit,2
2026-12-12,Baerum ishall,U11,Frisk Asker 2,Jar Hvit,0
2026-12-12,Baerum ishall,U11,Jar Blå,Jar Rød,1
2026-12-12,Baerum ishall,U11,Tønsberg Rød,Jutul Rød,2
2026-12-12,Baerum ishall,U11,Frisk Asker 2,Jutul Rød,0
2026-12-12,Baerum ishall,U11,Jar Blå,Jar Hvit,1
2026-12-12,Baerum ishall,U11,Tønsberg Rød,Jar Rød,2
2026-12-12,Tonsberghallen,U12,Frisk Asker 1,Tønsberg Rød,0
2026-12-12,Tonsberghallen,U12,Jar Blå,Kongsberg,1
2026-12-12,Tonsberghallen,U12,Jar Blå,Frisk Asker 1,0
2026-12-12,Tonsberghallen,U12,Kongsberg,Tønsberg Rød,1
2026-12-12,Tonsberghallen,U12,Frisk Asker 1,Kongsberg,0
2026-12-12,Tonsberghallen,U12,Jar Blå,Tønsberg Rød,1
2026-12-12,Askerhallen,U9,Frisk Asker 1,Jutul Hvit,0
2026-12-12,Askerhallen,U9,Frisk Asker 4,Jar Rød,1
2026-12-12,Askerhallen,U9,Jar Hvit,Frisk Asker 2,2
2026-12-12,Askerhallen,U9,Jutul Rød,Holmen Hockey Rød,3
2026-12-12,Askerhallen,U9,Frisk Asker 1,Jar Rød,0
2026-12-12,Askerhallen,U9,Frisk Asker 2,Jutul Rød,1
2026-12-12,Askerhallen,U9,Frisk Asker 4,Jutul Hvit,2
2026-12-12,Askerhallen,U9,Jar Hvit,Holmen Hockey Rød,3
2026-12-12,Askerhallen,U9,Frisk Asker 2,Holmen Hockey Rød,0
2026-12-12,Askerhallen,U9,Jar Hvit,Frisk Asker 4,1
2026-12-12,Askerhallen,U9,Jar Rød,Jutul Hvit,2
2026-12-12,Askerhallen,U9,Jutul Rød,Frisk Asker 1,3
2026-12-12,Askerhallen,U9,Frisk Asker 2,Jutul Hvit,0
2026-12-12,Askerhallen,U9,Holmen Hockey Rød,Frisk Asker 4,1
2026-12-12,Askerhallen,U9,Jar Hvit,Frisk Asker 1,2
2026-12-12,Askerhallen,U9,Jutul Rød,Jar Rød,3
2026-12-12,Askerhallen,U9,Frisk Asker 2,Jar Rød,0
2026-12-12,Askerhallen,U9,Holmen Hockey Rød,Frisk Asker 1,1
2026-12-12,Askerhallen,U9,Jar Hvit,Jutul Hvit,2
2026-12-12,Askerhallen,U9,Jutul Rød,Frisk Asker 4,3
2026-12-13,Jar Isforum,JU10,Frisk Asker Orange,Skien,0
2026-12-13,Jar Isforum,JU10,Jar Hvit,Jar Rød,1
2026-12-13,Jar Isforum,JU10,Ringerike 1,Jar Blå,2
2026-12-13,Jar Isforum,JU10,Jar Hvit,Frisk Asker Orange,0
2026-12-13,Jar Isforum,JU10,Jar Rød,Ringerike 1,1
2026-12-13,Jar Isforum,JU10,Skien,Jar Blå,2
2026-12-13,Jar Isforum,JU10,Jar Hvit,Jar Blå,0
2026-12-13,Jar Isforum,JU10,Jar Rød,Frisk Asker Orange,1
2026-12-13,Jar Isforum,JU10,Ringerike 1,Skien,2
2026-12-13,Jar Isforum,JU10,Frisk Asker Orange,Ringerike 1,0
2026-12-13,Jar Isforum,JU10,Jar Hvit,Skien,1
2026-12-13,Jar Isforum,JU10,Jar Rød,Jar Blå,2
2026-12-13,Jar Isforum,JU10,Frisk Asker Orange,Jar Blå,0
2026-12-13,Jar Isforum,JU10,Jar Hvit,Ringerike 1,1
2026-12-13,Jar Isforum,JU10,Jar Rød,Skien,2
2026-12-13,Ringerikshallen,JU8,Jar,Ringerike 1,0
2026-12-13,Ringerikshallen,JU8,Jutul Kittens,Skien,1
2026-12-13,Ringerikshallen,JU8,Frisk Asker,Skien,0
2026-12-13,Ringerikshallen,JU8,Jutul Kittens,Ringerike 1,1
2026-12-13,Ringerikshallen,JU8,Frisk Asker,Jar,0
2026-12-13,Ringerikshallen,JU8,Ringerike 1,Skien,1
2026-12-13,Ringerikshallen,JU8,Frisk Asker,Jutul Kittens,0
2026-12-13,Ringerikshallen,JU8,Jar,Skien,1
2026-12-13,Ringerikshallen,JU8,Frisk Asker,Ringerike 1,0
2026-12-13,Ringerikshallen,JU8,Jar,Jutul Kittens,1
2026-12-13,Ringerikshallen,JU8,(Pause),Frisk Asker,
2026-12-13,Ringerikshallen,JU8,(Pause),Jar,
2026-12-13,Ringerikshallen,JU8,(Pause),Jutul Kittens,
2026-12-13,Ringerikshallen,JU8,(Pause),Ringerike 1,
2026-12-13,Ringerikshallen,JU8,(Pause),Skien,
2026-12-13,Askerhallen,U10,Frisk Asker 3,Jar Grønn,0
2026-12-13,Askerhallen,U10,Holmen Hockey Blå,Jar Gul,1
2026-12-13,Askerhallen,U10,Ringerike 1,Frisk Asker 5,2
2026-12-13,Askerhallen,U10,Frisk Asker 3,Holmen Hockey Blå,0
2026-12-13,Askerhallen,U10,Frisk Asker 5,Jar Gul,1
2026-12-13,Askerhallen,U10,Jar Grønn,Ringerike 1,2
2026-12-13,Askerhallen,U10,Frisk Asker 3,Frisk Asker 5,0
2026-12-13,Askerhallen,U10,Jar Grønn,Holmen Hockey Blå,1
2026-12-13,Askerhallen,U10,Ringerike 1,Jar Gul,2
2026-12-13,Askerhallen,U10,Frisk Asker 3,Ringerike 1,0
2026-12-13,Askerhallen,U10,Holmen Hockey Blå,Frisk Asker 5,1
2026-12-13,Askerhallen,U10,Jar Grønn,Jar Gul,2
2026-12-13,Askerhallen,U10,Frisk Asker 3,Jar Gul,0
2026-12-13,Askerhallen,U10,Holmen Hockey Blå,Ringerike 1,1
2026-12-13,Askerhallen,U10,Jar Grønn,Frisk Asker 5,2
2026-12-13,Tonsberghallen,U11,Jar Gul,Frisk Asker 1,0
2026-12-13,Tonsberghallen,U11,Jar Oransje,Frisk Asker 2,1
2026-12-13,Tonsberghallen,U11,Tønsberg Hvit,Jar Lilla,2
2026-12-13,Tonsberghallen,U11,Frisk Asker 1,Tønsberg Hvit,0
2026-12-13,Tonsberghallen,U11,Jar Gul,Jar Oransje,1
2026-12-13,Tonsberghallen,U11,Jar Lilla,Frisk Asker 2,2
2026-12-13,Tonsberghallen,U11,Frisk Asker 1,Frisk Asker 2,0
2026-12-13,Tonsberghallen,U11,Jar Gul,Tønsberg Hvit,1
2026-12-13,Tonsberghallen,U11,Jar Oransje,Jar Lilla,2
2026-12-13,Tonsberghallen,U11,Frisk Asker 1,Jar Oransje,0
2026-12-13,Tonsberghallen,U11,Jar Gul,Jar Lilla,1
2026-12-13,Tonsberghallen,U11,Tønsberg Hvit,Frisk Asker 2,2
2026-12-13,Tonsberghallen,U11,Frisk Asker 1,Jar Lilla,0
2026-12-13,Tonsberghallen,U11,Jar Gul,Frisk Asker 2,1
2026-12-13,Tonsberghallen,U11,Tønsberg Hvit,Jar Oransje,2
2026-12-13,Tonsberghallen,U12,Jutul Grønn,Jar Rød,0
2026-12-13,Tonsberghallen,U12,Tønsberg Grå,Frisk Asker 2,1
2026-12-13,Tonsberghallen,U12,Frisk Asker 2,Jar Rød,0
2026-12-13,Tonsberghallen,U12,Tønsberg Grå,Jutul Grønn,1
2026-12-13,Tonsberghallen,U12,Jutul Grønn,Frisk Asker 2,0
2026-12-13,Tonsberghallen,U12,Tønsberg Grå,Jar Rød,1
2026-12-13,Askerhallen,U8,Frisk Asker 2,Holmen Hockey Blå,0
2026-12-13,Askerhallen,U8,Holmen Hockey Hvit,Frisk Asker 5,1
2026-12-13,Askerhallen,U8,Jar Rød,Frisk Asker 4,2
2026-12-13,Askerhallen,U8,Jutul Grønn,Holmen Hockey Rød,3
2026-12-13,Askerhallen,U8,Frisk Asker 2,Jutul Grønn,0
2026-12-13,Askerhallen,U8,Frisk Asker 4,Holmen Hockey Hvit,1
2026-12-13,Askerhallen,U8,Frisk Asker 5,Holmen Hockey Rød,2
2026-12-13,Askerhallen,U8,Holmen Hockey Blå,Jar Rød,3
2026-12-13,Askerhallen,U8,Frisk Asker 2,Holmen Hockey Hvit,0
2026-12-13,Askerhallen,U8,Frisk Asker 4,Holmen Hockey Rød,1
2026-12-13,Askerhallen,U8,Holmen Hockey Blå,Jutul Grønn,2
2026-12-13,Askerhallen,U8,Jar Rød,Frisk Asker 5,3
2026-12-13,Askerhallen,U8,Frisk Asker 2,Holmen Hockey Rød,0
2026-12-13,Askerhallen,U8,Holmen Hockey Blå,Frisk Asker 4,1
2026-12-13,Askerhallen,U8,Jar Rød,Holmen Hockey Hvit,2
2026-12-13,Askerhallen,U8,Jutul Grønn,Frisk Asker 5,3
2026-12-13,Askerhallen,U8,Frisk Asker 2,Frisk Asker 4,0
2026-12-13,Askerhallen,U8,Holmen Hockey Blå,Frisk Asker 5,1
2026-12-13,Askerhallen,U8,Jar Rød,Holmen Hockey Rød,2
2026-12-13,Askerhallen,U8,Jutul Grønn,Holmen Hockey Hvit,3
2027-01-09,Holmen ishall,U10,Frisk Asker 4,Jar Rød,0
2027-01-09,Holmen ishall,U10,Holmen Hockey Hvit,Tønsberg,1
2027-01-09,Holmen ishall,U10,Kongsberg,Jutul Grønn,2
2027-01-09,Holmen ishall,U10,Frisk Asker 4,Kongsberg,0
2027-01-09,Holmen ishall,U10,Jar Rød,Holmen Hockey Hvit,1
2027-01-09,Holmen ishall,U10,Tønsberg,Jutul Grønn,2
2027-01-09,Holmen ishall,U10,Frisk Asker 4,Holmen Hockey Hvit,0
2027-01-09,Holmen ishall,U10,Jar Rød,Jutul Grønn,1
2027-01-09,Holmen ishall,U10,Kongsberg,Tønsberg,2
2027-01-09,Holmen ishall,U10,Frisk Asker 4,Tønsberg,0
2027-01-09,Holmen ishall,U10,Holmen Hockey Hvit,Jutul Grønn,1
2027-01-09,Holmen ishall,U10,Jar Rød,Kongsberg,2
2027-01-09,Holmen ishall,U10,Frisk Asker 4,Jutul Grønn,0
2027-01-09,Holmen ishall,U10,Holmen Hockey Hvit,Kongsberg,1
2027-01-09,Holmen ishall,U10,Jar Rød,Tønsberg,2
2027-01-09,Jar Isforum,U11,Frisk Asker 1,Holmen Hockey Rød,0
2027-01-09,Jar Isforum,U11,Jar Svart,Tønsberg Hvit,1
2027-01-09,Jar Isforum,U11,Ringerike 1,Jutul Rød,2
2027-01-09,Jar Isforum,U11,Jar Svart,Frisk Asker 1,0
2027-01-09,Jar Isforum,U11,Jutul Rød,Holmen Hockey Rød,1
2027-01-09,Jar Isforum,U11,Tønsberg Hvit,Ringerike 1,2
2027-01-09,Jar Isforum,U11,Frisk Asker 1,Jutul Rød,0
2027-01-09,Jar Isforum,U11,Jar Svart,Ringerike 1,1
2027-01-09,Jar Isforum,U11,Tønsberg Hvit,Holmen Hockey Rød,2
2027-01-09,Jar Isforum,U11,Jar Svart,Jutul Rød,0
2027-01-09,Jar Isforum,U11,Ringerike 1,Holmen Hockey Rød,1
2027-01-09,Jar Isforum,U11,Tønsberg Hvit,Frisk Asker 1,2
2027-01-09,Jar Isforum,U11,Jar Svart,Holmen Hockey Rød,0
2027-01-09,Jar Isforum,U11,Ringerike 1,Frisk Asker 1,1
2027-01-09,Jar Isforum,U11,Tønsberg Hvit,Jutul Rød,2
2027-01-09,Askerhallen,U12,Frisk Asker 3,Jutul Rød,0
2027-01-09,Askerhallen,U12,Holmen Hockey Rød,Jar Hvit,1
2027-01-09,Askerhallen,U12,Frisk Asker 3,Holmen Hockey Rød,0
2027-01-09,Askerhallen,U12,Jutul Rød,Jar Hvit,1
2027-01-09,Askerhallen,U12,Frisk Asker 3,Jar Hvit,0
2027-01-09,Askerhallen,U12,Holmen Hockey Rød,Jutul Rød,1
2027-01-09,Bugården ishall,U7,Jar Blå,Holmen Hockey Hvit,0
2027-01-09,Bugården ishall,U7,Jutul Grønn,Frisk Asker 2,1
2027-01-09,Bugården ishall,U7,Sandefjord,Frisk Asker 1,2
2027-01-09,Bugården ishall,U7,Tønsberg,Jar Grønn,3
2027-01-09,Bugården ishall,U7,Holmen Hockey Hvit,Jutul Grønn,0
2027-01-09,Bugården ishall,U7,Jar Blå,Frisk Asker 1,1
2027-01-09,Bugården ishall,U7,Jar Grønn,Frisk Asker 2,2
2027-01-09,Bugården ishall,U7,Sandefjord,Tønsberg,3
2027-01-09,Bugården ishall,U7,Frisk Asker 1,Jar Grønn,0
2027-01-09,Bugården ishall,U7,Holmen Hockey Hvit,Tønsberg,1
2027-01-09,Bugården ishall,U7,Jar Blå,Frisk Asker 2,2
2027-01-09,Bugården ishall,U7,Sandefjord,Jutul Grønn,3
2027-01-09,Bugården ishall,U7,Frisk Asker 1,Tønsberg,0
2027-01-09,Bugården ishall,U7,Holmen Hockey Hvit,Frisk Asker 2,1
2027-01-09,Bugården ishall,U7,Jar Blå,Jutul Grønn,2
2027-01-09,Bugården ishall,U7,Sandefjord,Jar Grønn,3
2027-01-09,Bugården ishall,U7,Frisk Asker 1,Jutul Grønn,0
2027-01-09,Bugården ishall,U7,Holmen Hockey Hvit,Jar Grønn,1
2027-01-09,Bugården ishall,U7,Jar Blå,Tønsberg,2
2027-01-09,Bugården ishall,U7,Sandefjord,Frisk Asker 2,3
2027-01-09,Ringerikshallen,U8,Frisk Asker 3,Jutul Gul,0
2027-01-09,Ringerikshallen,U8,Holmen Hockey Sort,Jar Hvit,1
2027-01-09,Ringerikshallen,U8,Ringerike 1,Kongsberg,2
2027-01-09,Ringerikshallen,U8,Sandefjord,Tønsberg,3
2027-01-09,Ringerikshallen,U8,Frisk Asker 3,Kongsberg,0
2027-01-09,Ringerikshallen,U8,Holmen Hockey Sort,Tønsberg,1
2027-01-09,Ringerikshallen,U8,Jar Hvit,Ringerike 1,2
2027-01-09,Ringerikshallen,U8,Jutul Gul,Sandefjord,3
2027-01-09,Ringerikshallen,U8,Frisk Asker 3,Ringerike 1,0
2027-01-09,Ringerikshallen,U8,Holmen Hockey Sort,Sandefjord,1
2027-01-09,Ringerikshallen,U8,Jar Hvit,Tønsberg,2
2027-01-09,Ringerikshallen,U8,Jutul Gul,Kongsberg,3
2027-01-09,Ringerikshallen,U8,Frisk Asker 3,Sandefjord,0
2027-01-09,Ringerikshallen,U8,Holmen Hockey Sort,Ringerike 1,1
2027-01-09,Ringerikshallen,U8,Jar Hvit,Kongsberg,2
2027-01-09,Ringerikshallen,U8,Jutul Gul,Tønsberg,3
2027-01-09,Ringerikshallen,U8,Frisk Asker 3,Tønsberg,0
2027-01-09,Ringerikshallen,U8,Holmen Hockey Sort,Kongsberg,1
2027-01-09,Ringerikshallen,U8,Jar Hvit,Sandefjord,2
2027-01-09,Ringerikshallen,U8,Jutul Gul,Ringerike 1,3
2027-01-09,Jar Isforum,U9,Frisk Asker 1,Kongsberg,0
2027-01-09,Jar Isforum,U9,Holmen Hockey Sort,Jutul Hvit,1
2027-01-09,Jar Isforum,U9,Ringerike 1,Skien,2
2027-01-09,Jar Isforum,U9,Tønsberg,Jar Blå,3
2027-01-09,Jar Isforum,U9,Frisk Asker 1,Jar Blå,0
2027-01-09,Jar Isforum,U9,Holmen Hockey Sort,Skien,1
2027-01-09,Jar Isforum,U9,Jutul Hvit,Tønsberg,2
2027-01-09,Jar Isforum,U9,Kongsberg,Ringerike 1,3
2027-01-09,Jar Isforum,U9,Frisk Asker 1,Tønsberg,0
2027-01-09,Jar Isforum,U9,Holmen Hockey Sort,Ringerike 1,1
2027-01-09,Jar Isforum,U9,Jutul Hvit,Skien,2
2027-01-09,Jar Isforum,U9,Kongsberg,Jar Blå,3
2027-01-09,Jar Isforum,U9,Frisk Asker 1,Ringerike 1,0
2027-01-09,Jar Isforum,U9,Holmen Hockey Sort,Tønsberg,1
2027-01-09,Jar Isforum,U9,Jutul Hvit,Jar Blå,2
2027-01-09,Jar Isforum,U9,Kongsberg,Skien,3
2027-01-09,Jar Isforum,U9,Frisk Asker 1,Skien,0
2027-01-09,Jar Isforum,U9,Holmen Hockey Sort,Jar Blå,1
2027-01-09,Jar Isforum,U9,Jutul Hvit,Ringerike 1,2
2027-01-09,Jar Isforum,U9,Kongsberg,Tønsberg,3
2027-01-10,Jar Isforum,JU10,Jar Hvit,Frisk Asker Svart,0
2027-01-10,Jar Isforum,JU10,Ringerike 1,Frisk Asker Orange,1
2027-01-10,Jar Isforum,JU10,Skien,Jar Rød,2
2027-01-10,Jar Isforum,JU10,Frisk Asker Svart,Skien,0
2027-01-10,Jar Isforum,JU10,Jar Hvit,Ringerike 1,1
2027-01-10,Jar Isforum,JU10,Jar Rød,Frisk Asker Orange,2
2027-01-10,Jar Isforum,JU10,Frisk Asker Svart,Ringerike 1,0
2027-01-10,Jar Isforum,JU10,Jar Hvit,Jar Rød,1
2027-01-10,Jar Isforum,JU10,Skien,Frisk Asker Orange,2
2027-01-10,Jar Isforum,JU10,Frisk Asker Svart,Frisk Asker Orange,0
2027-01-10,Jar Isforum,JU10,Jar Hvit,Skien,1
2027-01-10,Jar Isforum,JU10,Ringerike 1,Jar Rød,2
2027-01-10,Jar Isforum,JU10,Frisk Asker Svart,Jar Rød,0
2027-01-10,Jar Isforum,JU10,Jar Hvit,Frisk Asker Orange,1
2027-01-10,Jar Isforum,JU10,Ringerike 1,Skien,2
2027-01-10,Ringerikshallen,JU12,Frisk Asker Orange,Skien,0
2027-01-10,Ringerikshallen,JU12,Ringerike 1,Jutul/Jar Kittens,1
2027-01-10,Ringerikshallen,JU12,Jutul/Jar Kittens,Skien,0
2027-01-10,Ringerikshallen,JU12,Ringerike 1,Frisk Asker Orange,1
2027-01-10,Ringerikshallen,JU12,Frisk Asker Orange,Jutul/Jar Kittens,0
2027-01-10,Ringerikshallen,JU12,Ringerike 1,Skien,1
2027-01-10,Ringerikshallen,U10,Frisk Asker 6,Jar Svart,0
2027-01-10,Ringerikshallen,U10,Holmen Hockey Blå,Kongsberg,1
2027-01-10,Ringerikshallen,U10,Ringerike 2,Jutul Hvit,2
2027-01-10,Ringerikshallen,U10,Frisk Asker 6,Holmen Hockey Blå,0
2027-01-10,Ringerikshallen,U10,Jar Svart,Ringerike 2,1
2027-01-10,Ringerikshallen,U10,Jutul Hvit,Kongsberg,2
2027-01-10,Ringerikshallen,U10,Frisk Asker 6,Ringerike 2,0
2027-01-10,Ringerikshallen,U10,Holmen Hockey Blå,Jutul Hvit,1
2027-01-10,Ringerikshallen,U10,Jar Svart,Kongsberg,2
2027-01-10,Ringerikshallen,U10,Frisk Asker 6,Jutul Hvit,0
2027-01-10,Ringerikshallen,U10,Jar Svart,Holmen Hockey Blå,1
2027-01-10,Ringerikshallen,U10,Ringerike 2,Kongsberg,2
2027-01-10,Ringerikshallen,U10,Frisk Asker 6,Kongsberg,0
2027-01-10,Ringerikshallen,U10,Jar Svart,Jutul Hvit,1
2027-01-10,Ringerikshallen,U10,Ringerike 2,Holmen Hockey Blå,2
2027-01-10,Askerhallen,U11,Holmen Hockey Hvit,Tønsberg Grå,0
2027-01-10,Askerhallen,U11,Jar Gul,Frisk Asker 2,1
2027-01-10,Askerhallen,U11,Kongsberg,Skien,2
2027-01-10,Askerhallen,U11,Frisk Asker 2,Holmen Hockey Hvit,0
2027-01-10,Askerhallen,U11,Jar Gul,Kongsberg,1
2027-01-10,Askerhallen,U11,Tønsberg Grå,Skien,2
2027-01-10,Askerhallen,U11,Frisk Asker 2,Skien,0
2027-01-10,Askerhallen,U11,Jar Gul,Holmen Hockey Hvit,1
2027-01-10,Askerhallen,U11,Kongsberg,Tønsberg Grå,2
2027-01-10,Askerhallen,U11,Frisk Asker 2,Kongsberg,0
2027-01-10,Askerhallen,U11,Holmen Hockey Hvit,Skien,1
2027-01-10,Askerhallen,U11,Jar Gul,Tønsberg Grå,2
2027-01-10,Askerhallen,U11,Frisk Asker 2,Tønsberg Grå,0
2027-01-10,Askerhallen,U11,Holmen Hockey Hvit,Kongsberg,1
2027-01-10,Askerhallen,U11,Jar Gul,Skien,2
2027-01-10,Jar Isforum,U12,Holmen Hockey Hvit,Frisk Asker 2,0
2027-01-10,Jar Isforum,U12,Jar Svart,Ringerike 1,1
2027-01-10,Jar Isforum,U12,Jar Svart,Holmen Hockey Hvit,0
2027-01-10,Jar Isforum,U12,Ringerike 1,Frisk Asker 2,1
2027-01-10,Jar Isforum,U12,Holmen Hockey Hvit,Ringerike 1,0
2027-01-10,Jar Isforum,U12,Jar Svart,Frisk Asker 2,1
2027-01-16,Kongsberghallen,JU12,Kongsberg/Tønsberg,Jutul/Jar Kittens,0
2027-01-16,Kongsberghallen,JU12,Ringerike 2,Frisk Asker Orange,1
2027-01-16,Kongsberghallen,JU12,Frisk Asker Orange,Jutul/Jar Kittens,0
2027-01-16,Kongsberghallen,JU12,Ringerike 2,Kongsberg/Tønsberg,1
2027-01-16,Kongsberghallen,JU12,Kongsberg/Tønsberg,Frisk Asker Orange,0
2027-01-16,Kongsberghallen,JU12,Ringerike 2,Jutul/Jar Kittens,1
2027-01-16,Baerum ishall,U10,Jar Blå,Holmen Hockey Rød,0
2027-01-16,Baerum ishall,U10,Jutul Rød,Frisk Asker 2,1
2027-01-16,Baerum ishall,U10,Ringerike 4,Tønsberg,2
2027-01-16,Baerum ishall,U10,Frisk Asker 2,Jar Blå,0
2027-01-16,Baerum ishall,U10,Holmen Hockey Rød,Tønsberg,1
2027-01-16,Baerum ishall,U10,Jutul Rød,Ringerike 4,2
2027-01-16,Baerum ishall,U10,Frisk Asker 2,Tønsberg,0
2027-01-16,Baerum ishall,U10,Jutul Rød,Jar Blå,1
2027-01-16,Baerum ishall,U10,Ringerike 4,Holmen Hockey Rød,2
2027-01-16,Baerum ishall,U10,Frisk Asker 2,Ringerike 4,0
2027-01-16,Baerum ishall,U10,Jar Blå,Tønsberg,1
2027-01-16,Baerum ishall,U10,Jutul Rød,Holmen Hockey Rød,2
2027-01-16,Baerum ishall,U10,Frisk Asker 2,Holmen Hockey Rød,0
2027-01-16,Baerum ishall,U10,Jar Blå,Ringerike 4,1
2027-01-16,Baerum ishall,U10,Jutul Rød,Tønsberg,2
2027-01-16,Tonsberghallen,U11,Jar Lilla,Frisk Asker 3,0
2027-01-16,Tonsberghallen,U11,Jutul Grønn,Ringerike 2,1
2027-01-16,Tonsberghallen,U11,Sandefjord,Tønsberg Rød,2
2027-01-16,Tonsberghallen,U11,Frisk Asker 3,Sandefjord,0
2027-01-16,Tonsberghallen,U11,Jar Lilla,Jutul Grønn,1
2027-01-16,Tonsberghallen,U11,Tønsberg Rød,Ringerike 2,2
2027-01-16,Tonsberghallen,U11,Frisk Asker 3,Ringerike 2,0
2027-01-16,Tonsberghallen,U11,Jar Lilla,Sandefjord,1
2027-01-16,Tonsberghallen,U11,Jutul Grønn,Tønsberg Rød,2
2027-01-16,Tonsberghallen,U11,Frisk Asker 3,Jutul Grønn,0
2027-01-16,Tonsberghallen,U11,Jar Lilla,Tønsberg Rød,1
2027-01-16,Tonsberghallen,U11,Sandefjord,Ringerike 2,2
2027-01-16,Tonsberghallen,U11,Frisk Asker 3,Tønsberg Rød,0
2027-01-16,Tonsberghallen,U11,Jar Lilla,Ringerike 2,1
2027-01-16,Tonsberghallen,U11,Sandefjord,Jutul Grønn,2
2027-01-16,Holmen ishall,U12,Holmen Hockey Hvit,Jar Blå,0
2027-01-16,Holmen ishall,U12,Tønsberg Hvit,Frisk Asker 3,1
2027-01-16,Holmen ishall,U12,Holmen Hockey Hvit,Tønsberg Hvit,0
2027-01-16,Holmen ishall,U12,Jar Blå,Frisk Asker 3,1
2027-01-16,Holmen ishall,U12,Holmen Hockey Hvit,Frisk Asker 3,0
2027-01-16,Holmen ishall,U12,Tønsberg Hvit,Jar Blå,1
2027-01-16,Holmen ishall,U9,Frisk Asker 2,Jar Hvit,0
2027-01-16,Holmen ishall,U9,Holmen Hockey Hvit,Jutul Grønn,1
2027-01-16,Holmen ishall,U9,Kongsberg,Tønsberg,2
2027-01-16,Holmen ishall,U9,Sandefjord,Skien,3
2027-01-16,Holmen ishall,U9,Frisk Asker 2,Tønsberg,0
2027-01-16,Holmen ishall,U9,Holmen Hockey Hvit,Skien,1
2027-01-16,Holmen ishall,U9,Jar Hvit,Sandefjord,2
2027-01-16,Holmen ishall,U9,Jutul Grønn,Kongsberg,3
2027-01-16,Holmen ishall,U9,Frisk Asker 2,Kongsberg,0
2027-01-16,Holmen ishall,U9,Holmen Hockey Hvit,Sandefjord,1
2027-01-16,Holmen ishall,U9,Jar Hvit,Tønsberg,2
2027-01-16,Holmen ishall,U9,Jutul Grønn,Skien,3
2027-01-16,Holmen ishall,U9,Frisk Asker 2,Sandefjord,0
2027-01-16,Holmen ishall,U9,Holmen Hockey Hvit,Kongsberg,1
2027-01-16,Holmen ishall,U9,Jar Hvit,Skien,2
2027-01-16,Holmen ishall,U9,Jutul Grønn,Tønsberg,3
2027-01-16,Holmen ishall,U9,Frisk Asker 2,Skien,0
2027-01-16,Holmen ishall,U9,Holmen Hockey Hvit,Tønsberg,1
2027-01-16,Holmen ishall,U9,Jar Hvit,Kongsberg,2
2027-01-16,Holmen ishall,U9,Jutul Grønn,Sandefjord,3
2027-01-17,Jar Isforum,JU8,Jar,Ringerike 1,0
2027-01-17,Jar Isforum,JU8,Jutul Kittens,Skien,1
2027-01-17,Jar Isforum,JU8,Frisk Asker,Skien,0
2027-01-17,Jar Isforum,JU8,Jutul Kittens,Ringerike 1,1
2027-01-17,Jar Isforum,JU8,Frisk Asker,Jar,0
2027-01-17,Jar Isforum,JU8,Ringerike 1,Skien,1
2027-01-17,Jar Isforum,JU8,Frisk Asker,Jutul Kittens,0
2027-01-17,Jar Isforum,JU8,Jar,Skien,1
2027-01-17,Jar Isforum,JU8,Frisk Asker,Ringerike 1,0
2027-01-17,Jar Isforum,JU8,Jar,Jutul Kittens,1
2027-01-17,Jar Isforum,JU8,(Pause),Frisk Asker,
2027-01-17,Jar Isforum,JU8,(Pause),Jar,
2027-01-17,Jar Isforum,JU8,(Pause),Jutul Kittens,
2027-01-17,Jar Isforum,JU8,(Pause),Ringerike 1,
2027-01-17,Jar Isforum,JU8,(Pause),Skien,
2027-01-17,Askerhallen,U10,Frisk Asker 1,Jar Rød,0
2027-01-17,Askerhallen,U10,Holmen Hockey Sort,Frisk Asker 6,1
2027-01-17,Askerhallen,U10,Ringerike 3,Jar Gul,2
2027-01-17,Askerhallen,U10,Frisk Asker 1,Ringerike 3,0
2027-01-17,Askerhallen,U10,Frisk Asker 6,Jar Gul,1
2027-01-17,Askerhallen,U10,Jar Rød,Holmen Hockey Sort,2
2027-01-17,Askerhallen,U10,Frisk Asker 1,Frisk Asker 6,0
2027-01-17,Askerhallen,U10,Holmen Hockey Sort,Jar Gul,1
2027-01-17,Askerhallen,U10,Jar Rød,Ringerike 3,2
2027-01-17,Askerhallen,U10,Frisk Asker 1,Holmen Hockey Sort,0
2027-01-17,Askerhallen,U10,Jar Rød,Jar Gul,1
2027-01-17,Askerhallen,U10,Ringerike 3,Frisk Asker 6,2
2027-01-17,Askerhallen,U10,Frisk Asker 1,Jar Gul,0
2027-01-17,Askerhallen,U10,Jar Rød,Frisk Asker 6,1
2027-01-17,Askerhallen,U10,Ringerike 3,Holmen Hockey Sort,2
2027-01-17,Kongsberghallen,U11,Jar Blå,Jar Grønn,0
2027-01-17,Kongsberghallen,U11,Jar Oransje,Frisk Asker 4,1
2027-01-17,Kongsberghallen,U11,Tønsberg Hvit,Kongsberg,2
2027-01-17,Kongsberghallen,U11,Frisk Asker 4,Kongsberg,0
2027-01-17,Kongsberghallen,U11,Jar Oransje,Jar Blå,1
2027-01-17,Kongsberghallen,U11,Tønsberg Hvit,Jar Grønn,2
2027-01-17,Kongsberghallen,U11,Frisk Asker 4,Jar Blå,0
2027-01-17,Kongsberghallen,U11,Jar Grønn,Kongsberg,1
2027-01-17,Kongsberghallen,U11,Jar Oransje,Tønsberg Hvit,2
2027-01-17,Kongsberghallen,U11,Frisk Asker 4,Tønsberg Hvit,0
2027-01-17,Kongsberghallen,U11,Jar Blå,Kongsberg,1
2027-01-17,Kongsberghallen,U11,Jar Oransje,Jar Grønn,2
2027-01-17,Kongsberghallen,U11,Frisk Asker 4,Jar Grønn,0
2027-01-17,Kongsberghallen,U11,Jar Blå,Tønsberg Hvit,1
2027-01-17,Kongsberghallen,U11,Jar Oransje,Kongsberg,2
2027-01-17,Ringerikshallen,U12,Ringerike 2,Jutul Grønn,0
2027-01-17,Ringerikshallen,U12,Tønsberg Rød,Jar Svart,1
2027-01-17,Ringerikshallen,U12,Jutul Grønn,Jar Svart,0
2027-01-17,Ringerikshallen,U12,Ringerike 2,Tønsberg Rød,1
2027-01-17,Ringerikshallen,U12,Ringerike 2,Jar Svart,0
2027-01-17,Ringerikshallen,U12,Tønsberg Rød,Jutul Grønn,1
2027-01-17,Holmen ishall,U8,Holmen Hockey Hvit,Frisk Asker 3,0
2027-01-17,Holmen ishall,U8,Jutul Rød,Jar Blå,1
2027-01-17,Holmen ishall,U8,Ringerike 2,Sandefjord,2
2027-01-17,Holmen ishall,U8,Skien,Tønsberg,3
2027-01-17,Holmen ishall,U8,Frisk Asker 3,Skien,0
2027-01-17,Holmen ishall,U8,Holmen Hockey Hvit,Sandefjord,1
2027-01-17,Holmen ishall,U8,Jar Blå,Ringerike 2,2
2027-01-17,Holmen ishall,U8,Jutul Rød,Tønsberg,3
2027-01-17,Holmen ishall,U8,Frisk Asker 3,Sandefjord,0
2027-01-17,Holmen ishall,U8,Holmen Hockey Hvit,Ringerike 2,1
2027-01-17,Holmen ishall,U8,Jar Blå,Tønsberg,2
2027-01-17,Holmen ishall,U8,Jutul Rød,Skien,3
2027-01-17,Holmen ishall,U8,Frisk Asker 3,Tønsberg,0
2027-01-17,Holmen ishall,U8,Holmen Hockey Hvit,Skien,1
2027-01-17,Holmen ishall,U8,Jar Blå,Sandefjord,2
2027-01-17,Holmen ishall,U8,Jutul Rød,Ringerike 2,3
2027-01-17,Holmen ishall,U8,Frisk Asker 3,Ringerike 2,0
2027-01-17,Holmen ishall,U8,Holmen Hockey Hvit,Tønsberg,1
2027-01-17,Holmen ishall,U8,Jar Blå,Skien,2
2027-01-17,Holmen ishall,U8,Jutul Rød,Sandefjord,3
2027-01-23,Jar Isforum,U11,Jar Hvit,Frisk Asker 1,0
2027-01-23,Jar Isforum,U11,Jar Rød,Holmen Hockey Rød,1
2027-01-23,Jar Isforum,U11,Skien,Ringerike 2,2
2027-01-23,Jar Isforum,U11,Frisk Asker 1,Jar Rød,0
2027-01-23,Jar Isforum,U11,Jar Hvit,Ringerike 2,1
2027-01-23,Jar Isforum,U11,Skien,Holmen Hockey Rød,2
2027-01-23,Jar Isforum,U11,Frisk Asker 1,Skien,0
2027-01-23,Jar Isforum,U11,Jar Hvit,Jar Rød,1
2027-01-23,Jar Isforum,U11,Ringerike 2,Holmen Hockey Rød,2
2027-01-23,Jar Isforum,U11,Frisk Asker 1,Holmen Hockey Rød,0
2027-01-23,Jar Isforum,U11,Jar Hvit,Skien,1
2027-01-23,Jar Isforum,U11,Jar Rød,Ringerike 2,2
2027-01-23,Jar Isforum,U11,Frisk Asker 1,Ringerike 2,0
2027-01-23,Jar Isforum,U11,Jar Hvit,Holmen Hockey Rød,1
2027-01-23,Jar Isforum,U11,Jar Rød,Skien,2
2027-01-23,Baerum ishall,U12,Jutul Rød,Kongsberg,0
2027-01-23,Baerum ishall,U12,Tønsberg Grå,Jar Hvit,1
2027-01-23,Baerum ishall,U12,Jutul Rød,Tønsberg Grå,0
2027-01-23,Baerum ishall,U12,Kongsberg,Jar Hvit,1
2027-01-23,Baerum ishall,U12,Jutul Rød,Jar Hvit,0
2027-01-23,Baerum ishall,U12,Tønsberg Grå,Kongsberg,1
2027-01-23,Tonsberghallen,U7,Holmen Hockey Rød,Jutul Hvit,0
2027-01-23,Tonsberghallen,U7,Jar Hvit,Frisk Asker 3,1
2027-01-23,Tonsberghallen,U7,Sandefjord,Holmen Hockey Sort,2
2027-01-23,Tonsberghallen,U7,Tønsberg,Jar Rød,3
2027-01-23,Tonsberghallen,U7,Holmen Hockey Rød,Frisk Asker 3,0
2027-01-23,Tonsberghallen,U7,Jar Hvit,Jutul Hvit,1
2027-01-23,Tonsberghallen,U7,Jar Rød,Holmen Hockey Sort,2
2027-01-23,Tonsberghallen,U7,Tønsberg,Sandefjord,3
2027-01-23,Tonsberghallen,U7,Frisk Asker 3,Holmen Hockey Sort,0
2027-01-23,Tonsberghallen,U7,Holmen Hockey Rød,Jar Rød,1
2027-01-23,Tonsberghallen,U7,Jar Hvit,Tønsberg,2
2027-01-23,Tonsberghallen,U7,Jutul Hvit,Sandefjord,3
2027-01-23,Tonsberghallen,U7,Frisk Asker 3,Jar Rød,0
2027-01-23,Tonsberghallen,U7,Holmen Hockey Rød,Tønsberg,1
2027-01-23,Tonsberghallen,U7,Jar Hvit,Sandefjord,2
2027-01-23,Tonsberghallen,U7,Jutul Hvit,Holmen Hockey Sort,3
2027-01-23,Tonsberghallen,U7,Frisk Asker 3,Tønsberg,0
2027-01-23,Tonsberghallen,U7,Holmen Hockey Rød,Sandefjord,1
2027-01-23,Tonsberghallen,U7,Jar Hvit,Holmen Hockey Sort,2
2027-01-23,Tonsberghallen,U7,Jutul Hvit,Jar Rød,3
2027-01-23,Jar Isforum,U9,Frisk Asker 3,Holmen Hockey Rød,0
2027-01-23,Jar Isforum,U9,Frisk Asker 4,Ringerike 1,1
2027-01-23,Jar Isforum,U9,Jar Rød,Jutul Rød,2
2027-01-23,Jar Isforum,U9,Sandefjord,Kongsberg,3
2027-01-23,Jar Isforum,U9,Frisk Asker 3,Jutul Rød,0
2027-01-23,Jar Isforum,U9,Frisk Asker 4,Sandefjord,1
2027-01-23,Jar Isforum,U9,Holmen Hockey Rød,Ringerike 1,2
2027-01-23,Jar Isforum,U9,Jar Rød,Kongsberg,3
2027-01-23,Jar Isforum,U9,Frisk Asker 3,Sandefjord,0
2027-01-23,Jar Isforum,U9,Holmen Hockey Rød,Kongsberg,1
2027-01-23,Jar Isforum,U9,Jar Rød,Frisk Asker 4,2
2027-01-23,Jar Isforum,U9,Jutul Rød,Ringerike 1,3
2027-01-23,Jar Isforum,U9,Frisk Asker 3,Ringerike 1,0
2027-01-23,Jar Isforum,U9,Holmen Hockey Rød,Frisk Asker 4,1
2027-01-23,Jar Isforum,U9,Jar Rød,Sandefjord,2
2027-01-23,Jar Isforum,U9,Jutul Rød,Kongsberg,3
2027-01-23,Jar Isforum,U9,Frisk Asker 3,Kongsberg,0
2027-01-23,Jar Isforum,U9,Holmen Hockey Rød,Sandefjord,1
2027-01-23,Jar Isforum,U9,Jar Rød,Ringerike 1,2
2027-01-23,Jar Isforum,U9,Jutul Rød,Frisk Asker 4,3
2027-01-24,Jar Isforum,U10,Holmen Hockey Hvit,Kongsberg,0
2027-01-24,Jar Isforum,U10,Jar Grønn,Frisk Asker 3,1
2027-01-24,Jar Isforum,U10,Ringerike 1,Jutul Rød,2
2027-01-24,Jar Isforum,U10,Frisk Asker 3,Ringerike 1,0
2027-01-24,Jar Isforum,U10,Jar Grønn,Holmen Hockey Hvit,1
2027-01-24,Jar Isforum,U10,Jutul Rød,Kongsberg,2
2027-01-24,Jar Isforum,U10,Frisk Asker 3,Kongsberg,0
2027-01-24,Jar Isforum,U10,Holmen Hockey Hvit,Jutul Rød,1
2027-01-24,Jar Isforum,U10,Jar Grønn,Ringerike 1,2
2027-01-24,Jar Isforum,U10,Frisk Asker 3,Holmen Hockey Hvit,0
2027-01-24,Jar Isforum,U10,Jar Grønn,Jutul Rød,1
2027-01-24,Jar Isforum,U10,Ringerike 1,Kongsberg,2
2027-01-24,Jar Isforum,U10,Frisk Asker 3,Jutul Rød,0
2027-01-24,Jar Isforum,U10,Jar Grønn,Kongsberg,1
2027-01-24,Jar Isforum,U10,Ringerike 1,Holmen Hockey Hvit,2
2027-01-24,Bugården ishall,U11,Frisk Asker 2,Holmen Hockey Hvit,0
2027-01-24,Bugården ishall,U11,Jar Svart,Sandefjord,1
2027-01-24,Bugården ishall,U11,Jutul Grønn,Tønsberg Grå,2
2027-01-24,Bugården ishall,U11,Jar Svart,Frisk Asker 2,0
2027-01-24,Bugården ishall,U11,Sandefjord,Jutul Grønn,1
2027-01-24,Bugården ishall,U11,Tønsberg Grå,Holmen Hockey Hvit,2
2027-01-24,Bugården ishall,U11,Frisk Asker 2,Tønsberg Grå,0
2027-01-24,Bugården ishall,U11,Jar Svart,Jutul Grønn,1
2027-01-24,Bugården ishall,U11,Sandefjord,Holmen Hockey Hvit,2
2027-01-24,Bugården ishall,U11,Jar Svart,Tønsberg Grå,0
2027-01-24,Bugården ishall,U11,Jutul Grønn,Holmen Hockey Hvit,1
2027-01-24,Bugården ishall,U11,Sandefjord,Frisk Asker 2,2
2027-01-24,Bugården ishall,U11,Jar Svart,Holmen Hockey Hvit,0
2027-01-24,Bugården ishall,U11,Jutul Grønn,Frisk Asker 2,1
2027-01-24,Bugården ishall,U11,Sandefjord,Tønsberg Grå,2
2027-01-24,Jar Isforum,U12,Frisk Asker 1,Ringerike 1,0
2027-01-24,Jar Isforum,U12,Jar Rød,Holmen Hockey Rød,1
2027-01-24,Jar Isforum,U12,Holmen Hockey Rød,Ringerike 1,0
2027-01-24,Jar Isforum,U12,Jar Rød,Frisk Asker 1,1
2027-01-24,Jar Isforum,U12,Frisk Asker 1,Holmen Hockey Rød,0
2027-01-24,Jar Isforum,U12,Jar Rød,Ringerike 1,1
2027-01-24,Askerhallen,U8,Frisk Asker 1,Jutul Gul,0
2027-01-24,Askerhallen,U8,Frisk Asker 4,Kongsberg,1
2027-01-24,Askerhallen,U8,Frisk Asker 5,Ringerike 1,2
2027-01-24,Askerhallen,U8,Holmen Hockey Rød,Jar Hvit,3
2027-01-24,Askerhallen,U8,Frisk Asker 1,Holmen Hockey Rød,0
2027-01-24,Askerhallen,U8,Frisk Asker 5,Kongsberg,1
2027-01-24,Askerhallen,U8,Jar Hvit,Ringerike 1,2
2027-01-24,Askerhallen,U8,Jutul Gul,Frisk Asker 4,3
2027-01-24,Askerhallen,U8,Frisk Asker 1,Jar Hvit,0
2027-01-24,Askerhallen,U8,Frisk Asker 4,Ringerike 1,1
2027-01-24,Askerhallen,U8,Holmen Hockey Rød,Frisk Asker 5,2
2027-01-24,Askerhallen,U8,Jutul Gul,Kongsberg,3
2027-01-24,Askerhallen,U8,Frisk Asker 1,Kongsberg,0
2027-01-24,Askerhallen,U8,Holmen Hockey Rød,Frisk Asker 4,1
2027-01-24,Askerhallen,U8,Jar Hvit,Frisk Asker 5,2
2027-01-24,Askerhallen,U8,Jutul Gul,Ringerike 1,3
2027-01-24,Askerhallen,U8,Frisk Asker 1,Ringerike 1,0
2027-01-24,Askerhallen,U8,Holmen Hockey Rød,Kongsberg,1
2027-01-24,Askerhallen,U8,Jar Hvit,Frisk Asker 4,2
2027-01-24,Askerhallen,U8,Jutul Gul,Frisk Asker 5,3
2027-01-30,Askerhallen,JU12,Frisk Asker Svart,Kongsberg/Tønsberg,0
2027-01-30,Askerhallen,JU12,Ringerike 1,Skien,1
2027-01-30,Askerhallen,JU12,Frisk Asker Svart,Ringerike 1,0
2027-01-30,Askerhallen,JU12,Kongsberg/Tønsberg,Skien,1
2027-01-30,Askerhallen,JU12,Frisk Asker Svart,Skien,0
2027-01-30,Askerhallen,JU12,Ringerike 1,Kongsberg/Tønsberg,1
2027-01-30,Holmen ishall,U10,Frisk Asker 4,Jar Svart,0
2027-01-30,Holmen ishall,U10,Frisk Asker 5,Jutul Hvit,1
2027-01-30,Holmen ishall,U10,Holmen Hockey Rød,Jar Hvit,2
2027-01-30,Holmen ishall,U10,Frisk Asker 4,Frisk Asker 5,0
2027-01-30,Holmen ishall,U10,Jar Svart,Holmen Hockey Rød,1
2027-01-30,Holmen ishall,U10,Jutul Hvit,Jar Hvit,2
2027-01-30,Holmen ishall,U10,Frisk Asker 4,Holmen Hockey Rød,0
2027-01-30,Holmen ishall,U10,Frisk Asker 5,Jar Hvit,1
2027-01-30,Holmen ishall,U10,Jar Svart,Jutul Hvit,2
2027-01-30,Holmen ishall,U10,Frisk Asker 4,Jar Hvit,0
2027-01-30,Holmen ishall,U10,Holmen Hockey Rød,Jutul Hvit,1
2027-01-30,Holmen ishall,U10,Jar Svart,Frisk Asker 5,2
2027-01-30,Holmen ishall,U10,Frisk Asker 4,Jutul Hvit,0
2027-01-30,Holmen ishall,U10,Holmen Hockey Rød,Frisk Asker 5,1
2027-01-30,Holmen ishall,U10,Jar Svart,Jar Hvit,2
2027-01-30,Jar Isforum,U11,Jar Gul,Frisk Asker 4,0
2027-01-30,Jar Isforum,U11,Ringerike 1,Jutul Rød,1
2027-01-30,Jar Isforum,U11,Tønsberg Rød,Jar Lilla,2
2027-01-30,Jar Isforum,U11,Frisk Asker 4,Ringerike 1,0
2027-01-30,Jar Isforum,U11,Jar Gul,Tønsberg Rød,1
2027-01-30,Jar Isforum,U11,Jutul Rød,Jar Lilla,2
2027-01-30,Jar Isforum,U11,Frisk Asker 4,Tønsberg Rød,0
2027-01-30,Jar Isforum,U11,Jar Gul,Jutul Rød,1
2027-01-30,Jar Isforum,U11,Ringerike 1,Jar Lilla,2
2027-01-30,Jar Isforum,U11,Frisk Asker 4,Jar Lilla,0
2027-01-30,Jar Isforum,U11,Jar Gul,Ringerike 1,1
2027-01-30,Jar Isforum,U11,Tønsberg Rød,Jutul Rød,2
2027-01-30,Jar Isforum,U11,Frisk Asker 4,Jutul Rød,0
2027-01-30,Jar Isforum,U11,Jar Gul,Jar Lilla,1
2027-01-30,Jar Isforum,U11,Tønsberg Rød,Ringerike 1,2
2027-01-30,Tonsberghallen,U12,Frisk Asker 1,Jar Blå,0
2027-01-30,Tonsberghallen,U12,Tønsberg Grå,Jutul Grønn,1
2027-01-30,Tonsberghallen,U12,Jutul Grønn,Jar Blå,0
2027-01-30,Tonsberghallen,U12,Tønsberg Grå,Frisk Asker 1,1
2027-01-30,Tonsberghallen,U12,Frisk Asker 1,Jutul Grønn,0
2027-01-30,Tonsberghallen,U12,Tønsberg Grå,Jar Blå,1
2027-01-31,Askerhallen,JU10,Frisk Asker Svart,Jar Blå,0
2027-01-31,Askerhallen,JU10,Ringerike 1,Jar Hvit,1
2027-01-31,Askerhallen,JU10,Skien,Jar Rød,2
2027-01-31,Askerhallen,JU10,Frisk Asker Svart,Ringerike 1,0
2027-01-31,Askerhallen,JU10,Jar Blå,Skien,1
2027-01-31,Askerhallen,JU10,Jar Hvit,Jar Rød,2
2027-01-31,Askerhallen,JU10,Frisk Asker Svart,Jar Rød,0
2027-01-31,Askerhallen,JU10,Jar Blå,Ringerike 1,1
2027-01-31,Askerhallen,JU10,Skien,Jar Hvit,2
2027-01-31,Askerhallen,JU10,Frisk Asker Svart,Jar Hvit,0
2027-01-31,Askerhallen,JU10,Jar Blå,Jar Rød,1
2027-01-31,Askerhallen,JU10,Ringerike 1,Skien,2
2027-01-31,Askerhallen,JU10,Frisk Asker Svart,Skien,0
2027-01-31,Askerhallen,JU10,Jar Blå,Jar Hvit,1
2027-01-31,Askerhallen,JU10,Ringerike 1,Jar Rød,2
2027-01-31,Skien ishall,JU12,Frisk Asker Orange,Kongsberg/Tønsberg,0
2027-01-31,Skien ishall,JU12,Ringerike 2,Skien,1
2027-01-31,Skien ishall,JU12,Ringerike 2,Frisk Asker Orange,0
2027-01-31,Skien ishall,JU12,Skien,Kongsberg/Tønsberg,1
2027-01-31,Skien ishall,JU12,Frisk Asker Orange,Skien,0
2027-01-31,Skien ishall,JU12,Ringerike 2,Kongsberg/Tønsberg,1
2027-01-31,Ringerikshallen,U11,Jar Oransje,Frisk Asker 3,0
2027-01-31,Ringerikshallen,U11,Ringerike 1,Jar Hvit,1
2027-01-31,Ringerikshallen,U11,Tønsberg Hvit,Jar Rød,2
2027-01-31,Ringerikshallen,U11,Frisk Asker 3,Tønsberg Hvit,0
2027-01-31,Ringerikshallen,U11,Jar Hvit,Jar Rød,1
2027-01-31,Ringerikshallen,U11,Jar Oransje,Ringerike 1,2
2027-01-31,Ringerikshallen,U11,Frisk Asker 3,Ringerike 1,0
2027-01-31,Ringerikshallen,U11,Jar Hvit,Tønsberg Hvit,1
2027-01-31,Ringerikshallen,U11,Jar Oransje,Jar Rød,2
2027-01-31,Ringerikshallen,U11,Frisk Asker 3,Jar Hvit,0
2027-01-31,Ringerikshallen,U11,Jar Oransje,Tønsberg Hvit,1
2027-01-31,Ringerikshallen,U11,Ringerike 1,Jar Rød,2
2027-01-31,Ringerikshallen,U11,Frisk Asker 3,Jar Rød,0
2027-01-31,Ringerikshallen,U11,Jar Oransje,Jar Hvit,1
2027-01-31,Ringerikshallen,U11,Ringerike 1,Tønsberg Hvit,2
2027-01-31,Tonsberghallen,U12,Frisk Asker 2,Kongsberg,0
2027-01-31,Tonsberghallen,U12,Tønsberg Rød,Holmen Hockey Hvit,1
2027-01-31,Tonsberghallen,U12,Frisk Asker 2,Tønsberg Rød,0
2027-01-31,Tonsberghallen,U12,Kongsberg,Holmen Hockey Hvit,1
2027-01-31,Tonsberghallen,U12,Frisk Asker 2,Holmen Hockey Hvit,0
2027-01-31,Tonsberghallen,U12,Tønsberg Rød,Kongsberg,1
2027-02-06,Ringerikshallen,U10,Holmen Hockey Sort,Jutul Grønn,0
2027-02-06,Ringerikshallen,U10,Jar Hvit,Ringerike 2,1
2027-02-06,Ringerikshallen,U10,Ringerike 1,Frisk Asker 4,2
2027-02-06,Ringerikshallen,U10,Frisk Asker 4,Holmen Hockey Sort,0
2027-02-06,Ringerikshallen,U10,Jutul Grønn,Ringerike 2,1
2027-02-06,Ringerikshallen,U10,Ringerike 1,Jar Hvit,2
2027-02-06,Ringerikshallen,U10,Frisk Asker 4,Jar Hvit,0
2027-02-06,Ringerikshallen,U10,Holmen Hockey Sort,Ringerike 2,1
2027-02-06,Ringerikshallen,U10,Ringerike 1,Jutul Grønn,2
2027-02-06,Ringerikshallen,U10,Frisk Asker 4,Ringerike 2,0
2027-02-06,Ringerikshallen,U10,Jar Hvit,Jutul Grønn,1
2027-02-06,Ringerikshallen,U10,Ringerike 1,Holmen Hockey Sort,2
2027-02-06,Ringerikshallen,U10,Frisk Asker 4,Jutul Grønn,0
2027-02-06,Ringerikshallen,U10,Jar Hvit,Holmen Hockey Sort,1
2027-02-06,Ringerikshallen,U10,Ringerike 1,Ringerike 2,2
2027-02-06,Tonsberghallen,U11,Jar Blå,Jar Svart,0
2027-02-06,Tonsberghallen,U11,Jar Grønn,Kongsberg,1
2027-02-06,Tonsberghallen,U11,Tønsberg Rød,Frisk Asker 1,2
2027-02-06,Tonsberghallen,U11,Frisk Asker 1,Jar Grønn,0
2027-02-06,Tonsberghallen,U11,Jar Blå,Tønsberg Rød,1
2027-02-06,Tonsberghallen,U11,Jar Svart,Kongsberg,2
2027-02-06,Tonsberghallen,U11,Frisk Asker 1,Kongsberg,0
2027-02-06,Tonsberghallen,U11,Jar Blå,Jar Grønn,1
2027-02-06,Tonsberghallen,U11,Jar Svart,Tønsberg Rød,2
2027-02-06,Tonsberghallen,U11,Jar Blå,Kongsberg,0
2027-02-06,Tonsberghallen,U11,Jar Svart,Frisk Asker 1,1
2027-02-06,Tonsberghallen,U11,Tønsberg Rød,Jar Grønn,2
2027-02-06,Tonsberghallen,U11,Jar Blå,Frisk Asker 1,0
2027-02-06,Tonsberghallen,U11,Jar Svart,Jar Grønn,1
2027-02-06,Tonsberghallen,U11,Tønsberg Rød,Kongsberg,2
2027-02-06,Jar Isforum,U12,Jar Hvit,Jutul Rød,0
2027-02-06,Jar Isforum,U12,Tønsberg Hvit,Ringerike 2,1
2027-02-06,Jar Isforum,U12,Jar Hvit,Tønsberg Hvit,0
2027-02-06,Jar Isforum,U12,Jutul Rød,Ringerike 2,1
2027-02-06,Jar Isforum,U12,Jar Hvit,Ringerike 2,0
2027-02-06,Jar Isforum,U12,Tønsberg Hvit,Jutul Rød,1
2027-02-06,Holmen ishall,U7,Frisk Asker 3,Jar Blå,0
2027-02-06,Holmen ishall,U7,Holmen Hockey Hvit,Jutul Hvit,1
2027-02-06,Holmen ishall,U7,Jar Grønn,Jutul Grønn,2
2027-02-06,Holmen ishall,U7,Jar Svart,Jutul Rød,3
2027-02-06,Holmen ishall,U7,Jar Blå,Jutul Grønn,0
2027-02-06,Holmen ishall,U7,Jar Svart,Frisk Asker 3,1
2027-02-06,Holmen ishall,U7,Jutul Hvit,Jar Grønn,2
2027-02-06,Holmen ishall,U7,Jutul Rød,Holmen Hockey Hvit,3
2027-02-06,Holmen ishall,U7,Holmen Hockey Hvit,Jar Grønn,0
2027-02-06,Holmen ishall,U7,Jar Svart,Jutul Grønn,1
2027-02-06,Holmen ishall,U7,Jutul Hvit,Jar Blå,2
2027-02-06,Holmen ishall,U7,Jutul Rød,Frisk Asker 3,3
2027-02-06,Holmen ishall,U7,Frisk Asker 3,Jutul Grønn,0
2027-02-06,Holmen ishall,U7,Holmen Hockey Hvit,Jar Blå,1
2027-02-06,Holmen ishall,U7,Jar Svart,Jutul Hvit,2
2027-02-06,Holmen ishall,U7,Jutul Rød,Jar Grønn,3
2027-02-06,Holmen ishall,U7,Frisk Asker 3,Jutul Hvit,0
2027-02-06,Holmen ishall,U7,Holmen Hockey Hvit,Jutul Grønn,1
2027-02-06,Holmen ishall,U7,Jar Svart,Jar Grønn,2
2027-02-06,Holmen ishall,U7,Jutul Rød,Jar Blå,3
2027-02-06,Baerum ishall,U9,Holmen Hockey Sort,Jutul Rød,0
2027-02-06,Baerum ishall,U9,Jar Hvit,Frisk Asker 3,1
2027-02-06,Baerum ishall,U9,Jar Rød,Jutul Hvit,2
2027-02-06,Baerum ishall,U9,Jutul Grønn,Frisk Asker 2,3
2027-02-06,Baerum ishall,U9,Frisk Asker 2,Jar Hvit,0
2027-02-06,Baerum ishall,U9,Frisk Asker 3,Jutul Hvit,1
2027-02-06,Baerum ishall,U9,Jutul Grønn,Holmen Hockey Sort,2
2027-02-06,Baerum ishall,U9,Jutul Rød,Jar Rød,3
2027-02-06,Baerum ishall,U9,Frisk Asker 2,Jar Rød,0
2027-02-06,Baerum ishall,U9,Holmen Hockey Sort,Jutul Hvit,1
2027-02-06,Baerum ishall,U9,Jutul Grønn,Jar Hvit,2
2027-02-06,Baerum ishall,U9,Jutul Rød,Frisk Asker 3,3
2027-02-06,Baerum ishall,U9,Frisk Asker 2,Jutul Rød,0
2027-02-06,Baerum ishall,U9,Holmen Hockey Sort,Jar Rød,1
2027-02-06,Baerum ishall,U9,Jar Hvit,Jutul Hvit,2
2027-02-06,Baerum ishall,U9,Jutul Grønn,Frisk Asker 3,3
2027-02-06,Baerum ishall,U9,Frisk Asker 2,Jutul Hvit,0
2027-02-06,Baerum ishall,U9,Holmen Hockey Sort,Frisk Asker 3,1
2027-02-06,Baerum ishall,U9,Jar Hvit,Jutul Rød,2
2027-02-06,Baerum ishall,U9,Jutul Grønn,Jar Rød,3
2027-02-07,Jar Isforum,U10,Frisk Asker 1,Jar Svart,0
2027-02-07,Jar Isforum,U10,Holmen Hockey Blå,Frisk Asker 3,1
2027-02-07,Jar Isforum,U10,Ringerike 4,Frisk Asker 2,2
2027-02-07,Jar Isforum,U10,Frisk Asker 1,Holmen Hockey Blå,0
2027-02-07,Jar Isforum,U10,Frisk Asker 3,Frisk Asker 2,1
2027-02-07,Jar Isforum,U10,Jar Svart,Ringerike 4,2
2027-02-07,Jar Isforum,U10,Frisk Asker 1,Ringerike 4,0
2027-02-07,Jar Isforum,U10,Holmen Hockey Blå,Frisk Asker 2,1
2027-02-07,Jar Isforum,U10,Jar Svart,Frisk Asker 3,2
2027-02-07,Jar Isforum,U10,Frisk Asker 1,Frisk Asker 2,0
2027-02-07,Jar Isforum,U10,Jar Svart,Holmen Hockey Blå,1
2027-02-07,Jar Isforum,U10,Ringerike 4,Frisk Asker 3,2
2027-02-07,Jar Isforum,U10,Frisk Asker 1,Frisk Asker 3,0
2027-02-07,Jar Isforum,U10,Jar Svart,Frisk Asker 2,1
2027-02-07,Jar Isforum,U10,Ringerike 4,Holmen Hockey Blå,2
2027-02-07,Holmen ishall,U11,Frisk Asker 2,Sandefjord,0
2027-02-07,Holmen ishall,U11,Jar Gul,Holmen Hockey Rød,1
2027-02-07,Holmen ishall,U11,Jutul Grønn,Ringerike 2,2
2027-02-07,Holmen ishall,U11,Holmen Hockey Rød,Frisk Asker 2,0
2027-02-07,Holmen ishall,U11,Jar Gul,Jutul Grønn,1
2027-02-07,Holmen ishall,U11,Sandefjord,Ringerike 2,2
2027-02-07,Holmen ishall,U11,Holmen Hockey Rød,Ringerike 2,0
2027-02-07,Holmen ishall,U11,Jar Gul,Frisk Asker 2,1
2027-02-07,Holmen ishall,U11,Jutul Grønn,Sandefjord,2
2027-02-07,Holmen ishall,U11,Frisk Asker 2,Ringerike 2,0
2027-02-07,Holmen ishall,U11,Holmen Hockey Rød,Jutul Grønn,1
2027-02-07,Holmen ishall,U11,Jar Gul,Sandefjord,2
2027-02-07,Holmen ishall,U11,Frisk Asker 2,Jutul Grønn,0
2027-02-07,Holmen ishall,U11,Holmen Hockey Rød,Sandefjord,1
2027-02-07,Holmen ishall,U11,Jar Gul,Ringerike 2,2
2027-02-07,Kongsberghallen,U12,Frisk Asker 3,Kongsberg,0
2027-02-07,Kongsberghallen,U12,Jar Rød,Holmen Hockey Rød,1
2027-02-07,Kongsberghallen,U12,Holmen Hockey Rød,Kongsberg,0
2027-02-07,Kongsberghallen,U12,Jar Rød,Frisk Asker 3,1
2027-02-07,Kongsberghallen,U12,Frisk Asker 3,Holmen Hockey Rød,0
2027-02-07,Kongsberghallen,U12,Jar Rød,Kongsberg,1
2027-02-07,Baerum ishall,U8,Jar Rød,Holmen Hockey Sort,0
2027-02-07,Baerum ishall,U8,Jar Svart,Skien,1
2027-02-07,Baerum ishall,U8,Jutul Grønn,Frisk Asker 2,2
2027-02-07,Baerum ishall,U8,Jutul Hvit,Holmen Hockey Blå,3
2027-02-07,Baerum ishall,U8,Jar Rød,Frisk Asker 2,0
2027-02-07,Baerum ishall,U8,Jar Svart,Holmen Hockey Blå,1
2027-02-07,Baerum ishall,U8,Jutul Grønn,Holmen Hockey Sort,2
2027-02-07,Baerum ishall,U8,Jutul Hvit,Skien,3
2027-02-07,Baerum ishall,U8,Frisk Asker 2,Holmen Hockey Blå,0
2027-02-07,Baerum ishall,U8,Holmen Hockey Sort,Jar Svart,1
2027-02-07,Baerum ishall,U8,Jar Rød,Jutul Hvit,2
2027-02-07,Baerum ishall,U8,Jutul Grønn,Skien,3
2027-02-07,Baerum ishall,U8,Frisk Asker 2,Jutul Hvit,0
2027-02-07,Baerum ishall,U8,Holmen Hockey Sort,Skien,1
2027-02-07,Baerum ishall,U8,Jar Rød,Holmen Hockey Blå,2
2027-02-07,Baerum ishall,U8,Jutul Grønn,Jar Svart,3
2027-02-07,Baerum ishall,U8,Frisk Asker 2,Jar Svart,0
2027-02-07,Baerum ishall,U8,Holmen Hockey Sort,Jutul Hvit,1
2027-02-07,Baerum ishall,U8,Jar Rød,Skien,2
2027-02-07,Baerum ishall,U8,Jutul Grønn,Holmen Hockey Blå,3
2027-02-13,Ringerikshallen,JU12,Frisk Asker Svart,Skien,0
2027-02-13,Ringerikshallen,JU12,Ringerike 1,Jutul/Jar Kittens,1
2027-02-13,Ringerikshallen,JU12,Jutul/Jar Kittens,Skien,0
2027-02-13,Ringerikshallen,JU12,Ringerike 1,Frisk Asker Svart,1
2027-02-13,Ringerikshallen,JU12,Frisk Asker Svart,Jutul/Jar Kittens,0
2027-02-13,Ringerikshallen,JU12,Ringerike 1,Skien,1
2027-02-13,Baerum ishall,JU8,Jar,Ringerike 1,0
2027-02-13,Baerum ishall,JU8,Jutul Kittens,Skien,1
2027-02-13,Baerum ishall,JU8,Frisk Asker,Skien,0
2027-02-13,Baerum ishall,JU8,Jutul Kittens,Ringerike 1,1
2027-02-13,Baerum ishall,JU8,Frisk Asker,Jar,0
2027-02-13,Baerum ishall,JU8,Ringerike 1,Skien,1
2027-02-13,Baerum ishall,JU8,Frisk Asker,Jutul Kittens,0
2027-02-13,Baerum ishall,JU8,Jar,Skien,1
2027-02-13,Baerum ishall,JU8,Frisk Asker,Ringerike 1,0
2027-02-13,Baerum ishall,JU8,Jar,Jutul Kittens,1
2027-02-13,Baerum ishall,JU8,(Pause),Frisk Asker,
2027-02-13,Baerum ishall,JU8,(Pause),Jar,
2027-02-13,Baerum ishall,JU8,(Pause),Jutul Kittens,
2027-02-13,Baerum ishall,JU8,(Pause),Ringerike 1,
2027-02-13,Baerum ishall,JU8,(Pause),Skien,
2027-02-13,Holmen ishall,U11,Holmen Hockey Hvit,Frisk Asker 3,0
2027-02-13,Holmen ishall,U11,Jar Lilla,Skien,1
2027-02-13,Holmen ishall,U11,Jutul Rød,Tønsberg Grå,2
2027-02-13,Holmen ishall,U11,Frisk Asker 3,Tønsberg Grå,0
2027-02-13,Holmen ishall,U11,Jar Lilla,Jutul Rød,1
2027-02-13,Holmen ishall,U11,Skien,Holmen Hockey Hvit,2
2027-02-13,Holmen ishall,U11,Jar Lilla,Holmen Hockey Hvit,0
2027-02-13,Holmen ishall,U11,Jutul Rød,Frisk Asker 3,1
2027-02-13,Holmen ishall,U11,Skien,Tønsberg Grå,2
2027-02-13,Holmen ishall,U11,Holmen Hockey Hvit,Tønsberg Grå,0
2027-02-13,Holmen ishall,U11,Jar Lilla,Frisk Asker 3,1
2027-02-13,Holmen ishall,U11,Skien,Jutul Rød,2
2027-02-13,Holmen ishall,U11,Holmen Hockey Hvit,Jutul Rød,0
2027-02-13,Holmen ishall,U11,Jar Lilla,Tønsberg Grå,1
2027-02-13,Holmen ishall,U11,Skien,Frisk Asker 3,2
2027-02-13,Tonsberghallen,U12,Jar Svart,Frisk Asker 3,0
2027-02-13,Tonsberghallen,U12,Tønsberg Grå,Ringerike 2,1
2027-02-13,Tonsberghallen,U12,Frisk Asker 3,Ringerike 2,0
2027-02-13,Tonsberghallen,U12,Jar Svart,Tønsberg Grå,1
2027-02-13,Tonsberghallen,U12,Jar Svart,Ringerike 2,0
2027-02-13,Tonsberghallen,U12,Tønsberg Grå,Frisk Asker 3,1
2027-02-13,Askerhallen,U9,Frisk Asker 1,Holmen Hockey Rød,0
2027-02-13,Askerhallen,U9,Holmen Hockey Hvit,Tønsberg,1
2027-02-13,Askerhallen,U9,Jar Blå,Frisk Asker 4,2
2027-02-13,Askerhallen,U9,Jutul Grønn,Ringerike 1,3
2027-02-13,Askerhallen,U9,Frisk Asker 1,Ringerike 1,0
2027-02-13,Askerhallen,U9,Holmen Hockey Hvit,Jutul Grønn,1
2027-02-13,Askerhallen,U9,Holmen Hockey Rød,Frisk Asker 4,2
2027-02-13,Askerhallen,U9,Jar Blå,Tønsberg,3
2027-02-13,Askerhallen,U9,Frisk Asker 1,Jutul Grønn,0
2027-02-13,Askerhallen,U9,Frisk Asker 4,Ringerike 1,1
2027-02-13,Askerhallen,U9,Holmen Hockey Rød,Tønsberg,2
2027-02-13,Askerhallen,U9,Jar Blå,Holmen Hockey Hvit,3
2027-02-13,Askerhallen,U9,Frisk Asker 1,Holmen Hockey Hvit,0
2027-02-13,Askerhallen,U9,Frisk Asker 4,Tønsberg,1
2027-02-13,Askerhallen,U9,Holmen Hockey Rød,Jutul Grønn,2
2027-02-13,Askerhallen,U9,Jar Blå,Ringerike 1,3
2027-02-13,Askerhallen,U9,Frisk Asker 1,Tønsberg,0
2027-02-13,Askerhallen,U9,Frisk Asker 4,Holmen Hockey Hvit,1
2027-02-13,Askerhallen,U9,Holmen Hockey Rød,Ringerike 1,2
2027-02-13,Askerhallen,U9,Jar Blå,Jutul Grønn,3
2027-02-14,Askerhallen,JU12,Frisk Asker Svart,Kongsberg/Tønsberg,0
2027-02-14,Askerhallen,JU12,Ringerike 2,Jutul/Jar Kittens,1
2027-02-14,Askerhallen,JU12,Jutul/Jar Kittens,Kongsberg/Tønsberg,0
2027-02-14,Askerhallen,JU12,Ringerike 2,Frisk Asker Svart,1
2027-02-14,Askerhallen,JU12,Frisk Asker Svart,Jutul/Jar Kittens,0
2027-02-14,Askerhallen,JU12,Ringerike 2,Kongsberg/Tønsberg,1
2027-02-14,Jar Isforum,U10,Jar Blå,Frisk Asker 5,0
2027-02-14,Jar Isforum,U10,Jar Rød,Jar Grønn,1
2027-02-14,Jar Isforum,U10,Ringerike 3,Jutul Hvit,2
2027-02-14,Jar Isforum,U10,Frisk Asker 5,Jar Rød,0
2027-02-14,Jar Isforum,U10,Jar Blå,Ringerike 3,1
2027-02-14,Jar Isforum,U10,Jar Grønn,Jutul Hvit,2
2027-02-14,Jar Isforum,U10,Frisk Asker 5,Ringerike 3,0
2027-02-14,Jar Isforum,U10,Jar Blå,Jar Grønn,1
2027-02-14,Jar Isforum,U10,Jar Rød,Jutul Hvit,2
2027-02-14,Jar Isforum,U10,Frisk Asker 5,Jutul Hvit,0
2027-02-14,Jar Isforum,U10,Jar Blå,Jar Rød,1
2027-02-14,Jar Isforum,U10,Ringerike 3,Jar Grønn,2
2027-02-14,Jar Isforum,U10,Frisk Asker 5,Jar Grønn,0
2027-02-14,Jar Isforum,U10,Jar Blå,Jutul Hvit,1
2027-02-14,Jar Isforum,U10,Ringerike 3,Jar Rød,2
2027-02-14,Holmen ishall,U12,Holmen Hockey Hvit,Frisk Asker 1,0
2027-02-14,Holmen ishall,U12,Jar Hvit,Tønsberg Hvit,1
2027-02-14,Holmen ishall,U12,Frisk Asker 1,Tønsberg Hvit,0
2027-02-14,Holmen ishall,U12,Holmen Hockey Hvit,Jar Hvit,1
2027-02-14,Holmen ishall,U12,Holmen Hockey Hvit,Tønsberg Hvit,0
2027-02-14,Holmen ishall,U12,Jar Hvit,Frisk Asker 1,1
2027-02-20,Askerhallen,U10,Frisk Asker 6,Jar Gul,0
2027-02-20,Askerhallen,U10,Jutul Grønn,Tønsberg,1
2027-02-20,Askerhallen,U10,Ringerike 2,Holmen Hockey Rød,2
2027-02-20,Askerhallen,U10,Frisk Asker 6,Jutul Grønn,0
2027-02-20,Askerhallen,U10,Holmen Hockey Rød,Tønsberg,1
2027-02-20,Askerhallen,U10,Jar Gul,Ringerike 2,2
2027-02-20,Askerhallen,U10,Frisk Asker 6,Ringerike 2,0
2027-02-20,Askerhallen,U10,Jar Gul,Tønsberg,1
2027-02-20,Askerhallen,U10,Jutul Grønn,Holmen Hockey Rød,2
2027-02-20,Askerhallen,U10,Frisk Asker 6,Holmen Hockey Rød,0
2027-02-20,Askerhallen,U10,Jar Gul,Jutul Grønn,1
2027-02-20,Askerhallen,U10,Ringerike 2,Tønsberg,2
2027-02-20,Askerhallen,U10,Frisk Asker 6,Tønsberg,0
2027-02-20,Askerhallen,U10,Jar Gul,Holmen Hockey Rød,1
2027-02-20,Askerhallen,U10,Ringerike 2,Jutul Grønn,2
2027-02-20,Ringerikshallen,U11,Frisk Asker 1,Kongsberg,0
2027-02-20,Ringerikshallen,U11,Jar Blå,Jar Hvit,1
2027-02-20,Ringerikshallen,U11,Ringerike 2,Jar Rød,2
2027-02-20,Ringerikshallen,U11,Jar Blå,Frisk Asker 1,0
2027-02-20,Ringerikshallen,U11,Jar Hvit,Ringerike 2,1
2027-02-20,Ringerikshallen,U11,Kongsberg,Jar Rød,2
2027-02-20,Ringerikshallen,U11,Jar Blå,Jar Rød,0
2027-02-20,Ringerikshallen,U11,Jar Hvit,Frisk Asker 1,1
2027-02-20,Ringerikshallen,U11,Ringerike 2,Kongsberg,2
2027-02-20,Ringerikshallen,U11,Frisk Asker 1,Ringerike 2,0
2027-02-20,Ringerikshallen,U11,Jar Blå,Kongsberg,1
2027-02-20,Ringerikshallen,U11,Jar Hvit,Jar Rød,2
2027-02-20,Ringerikshallen,U11,Frisk Asker 1,Jar Rød,0
2027-02-20,Ringerikshallen,U11,Jar Blå,Ringerike 2,1
2027-02-20,Ringerikshallen,U11,Jar Hvit,Kongsberg,2
2027-02-20,Baerum ishall,U12,Frisk Asker 2,Tønsberg Rød,0
2027-02-20,Baerum ishall,U12,Jutul Grønn,Holmen Hockey Rød,1
2027-02-20,Baerum ishall,U12,Holmen Hockey Rød,Tønsberg Rød,0
2027-02-20,Baerum ishall,U12,Jutul Grønn,Frisk Asker 2,1
2027-02-20,Baerum ishall,U12,Frisk Asker 2,Holmen Hockey Rød,0
2027-02-20,Baerum ishall,U12,Jutul Grønn,Tønsberg Rød,1
2027-02-20,Jar Isforum,U7,Frisk Asker 1,Jutul Rød,0
2027-02-20,Jar Isforum,U7,Jar Hvit,Holmen Hockey Rød,1
2027-02-20,Jar Isforum,U7,Sandefjord,Jar Svart,2
2027-02-20,Jar Isforum,U7,Tønsberg,Frisk Asker 2,3
2027-02-20,Jar Isforum,U7,Frisk Asker 1,Holmen Hockey Rød,0
2027-02-20,Jar Isforum,U7,Jar Hvit,Jutul Rød,1
2027-02-20,Jar Isforum,U7,Jar Svart,Frisk Asker 2,2
2027-02-20,Jar Isforum,U7,Sandefjord,Tønsberg,3
2027-02-20,Jar Isforum,U7,Frisk Asker 1,Jar Svart,0
2027-02-20,Jar Isforum,U7,Holmen Hockey Rød,Frisk Asker 2,1
2027-02-20,Jar Isforum,U7,Jar Hvit,Sandefjord,2
2027-02-20,Jar Isforum,U7,Jutul Rød,Tønsberg,3
2027-02-20,Jar Isforum,U7,Frisk Asker 1,Sandefjord,0
2027-02-20,Jar Isforum,U7,Holmen Hockey Rød,Jar Svart,1
2027-02-20,Jar Isforum,U7,Jar Hvit,Tønsberg,2
2027-02-20,Jar Isforum,U7,Jutul Rød,Frisk Asker 2,3
2027-02-20,Jar Isforum,U7,Frisk Asker 1,Tønsberg,0
2027-02-20,Jar Isforum,U7,Holmen Hockey Rød,Sandefjord,1
2027-02-20,Jar Isforum,U7,Jar Hvit,Frisk Asker 2,2
2027-02-20,Jar Isforum,U7,Jutul Rød,Jar Svart,3
2027-02-21,Jar Isforum,JU10,Jar Blå,Frisk Asker Orange,0
2027-02-21,Jar Isforum,JU10,Ringerike 1,Frisk Asker Svart,1
2027-02-21,Jar Isforum,JU10,Skien,Jar Hvit,2
2027-02-21,Jar Isforum,JU10,Frisk Asker Orange,Skien,0
2027-02-21,Jar Isforum,JU10,Jar Blå,Ringerike 1,1
2027-02-21,Jar Isforum,JU10,Jar Hvit,Frisk Asker Svart,2
2027-02-21,Jar Isforum,JU10,Frisk Asker Orange,Ringerike 1,0
2027-02-21,Jar Isforum,JU10,Jar Blå,Jar Hvit,1
2027-02-21,Jar Isforum,JU10,Skien,Frisk Asker Svart,2
2027-02-21,Jar Isforum,JU10,Frisk Asker Orange,Frisk Asker Svart,0
2027-02-21,Jar Isforum,JU10,Jar Blå,Skien,1
2027-02-21,Jar Isforum,JU10,Ringerike 1,Jar Hvit,2
2027-02-21,Jar Isforum,JU10,Frisk Asker Orange,Jar Hvit,0
2027-02-21,Jar Isforum,JU10,Jar Blå,Frisk Asker Svart,1
2027-02-21,Jar Isforum,JU10,Ringerike 1,Skien,2
2027-02-21,Askerhallen,U11,Frisk Asker 3,Sandefjord,0
2027-02-21,Askerhallen,U11,Holmen Hockey Rød,Ringerike 1,1
2027-02-21,Askerhallen,U11,Jar Grønn,Tønsberg Grå,2
2027-02-21,Askerhallen,U11,Jar Grønn,Frisk Asker 3,0
2027-02-21,Askerhallen,U11,Ringerike 1,Sandefjord,1
2027-02-21,Askerhallen,U11,Tønsberg Grå,Holmen Hockey Rød,2
2027-02-21,Askerhallen,U11,Frisk Asker 3,Ringerike 1,0
2027-02-21,Askerhallen,U11,Jar Grønn,Holmen Hockey Rød,1
2027-02-21,Askerhallen,U11,Tønsberg Grå,Sandefjord,2
2027-02-21,Askerhallen,U11,Holmen Hockey Rød,Sandefjord,0
2027-02-21,Askerhallen,U11,Jar Grønn,Ringerike 1,1
2027-02-21,Askerhallen,U11,Tønsberg Grå,Frisk Asker 3,2
2027-02-21,Askerhallen,U11,Holmen Hockey Rød,Frisk Asker 3,0
2027-02-21,Askerhallen,U11,Jar Grønn,Sandefjord,1
2027-02-21,Askerhallen,U11,Tønsberg Grå,Ringerike 1,2
2027-02-21,Jar Isforum,U12,Jar Blå,Ringerike 1,0
2027-02-21,Jar Isforum,U12,Jutul Rød,Frisk Asker 2,1
2027-02-21,Jar Isforum,U12,Jar Blå,Jutul Rød,0
2027-02-21,Jar Isforum,U12,Ringerike 1,Frisk Asker 2,1
2027-02-21,Jar Isforum,U12,Jar Blå,Frisk Asker 2,0
2027-02-21,Jar Isforum,U12,Jutul Rød,Ringerike 1,1
2027-02-27,Askerhallen,U11,Holmen Hockey Hvit,Jar Oransje,0
2027-02-27,Askerhallen,U11,Jar Gul,Frisk Asker 4,1
2027-02-27,Askerhallen,U11,Jutul Rød,Tønsberg Rød,2
2027-02-27,Askerhallen,U11,Frisk Asker 4,Jutul Rød,0
2027-02-27,Askerhallen,U11,Jar Gul,Holmen Hockey Hvit,1
2027-02-27,Askerhallen,U11,Tønsberg Rød,Jar Oransje,2
2027-02-27,Askerhallen,U11,Frisk Asker 4,Holmen Hockey Hvit,0
2027-02-27,Askerhallen,U11,Jar Gul,Tønsberg Rød,1
2027-02-27,Askerhallen,U11,Jutul Rød,Jar Oransje,2
2027-02-27,Askerhallen,U11,Frisk Asker 4,Jar Oransje,0
2027-02-27,Askerhallen,U11,Holmen Hockey Hvit,Tønsberg Rød,1
2027-02-27,Askerhallen,U11,Jar Gul,Jutul Rød,2
2027-02-27,Askerhallen,U11,Frisk Asker 4,Tønsberg Rød,0
2027-02-27,Askerhallen,U11,Holmen Hockey Hvit,Jutul Rød,1
2027-02-27,Askerhallen,U11,Jar Gul,Jar Oransje,2
2027-02-27,Ringerikshallen,U12,Jar Rød,Tønsberg Rød,0
2027-02-27,Ringerikshallen,U12,Ringerike 2,Jutul Rød,1
2027-02-27,Ringerikshallen,U12,Jar Rød,Ringerike 2,0
2027-02-27,Ringerikshallen,U12,Tønsberg Rød,Jutul Rød,1
2027-02-27,Ringerikshallen,U12,Jar Rød,Jutul Rød,0
2027-02-27,Ringerikshallen,U12,Ringerike 2,Tønsberg Rød,1
2027-02-27,Jar Isforum,U12,Jar Svart,Ringerike 1,0
2027-02-27,Jar Isforum,U12,Kongsberg,Tønsberg Hvit,1
2027-02-27,Jar Isforum,U12,Jar Svart,Kongsberg,0
2027-02-27,Jar Isforum,U12,Ringerike 1,Tønsberg Hvit,1
2027-02-27,Jar Isforum,U12,Jar Svart,Tønsberg Hvit,0
2027-02-27,Jar Isforum,U12,Kongsberg,Ringerike 1,1
2027-02-27,Tonsberghallen,U12,Holmen Hockey Rød,Frisk Asker 3,0
2027-02-27,Tonsberghallen,U12,Tønsberg Grå,Jar Blå,1
2027-02-27,Tonsberghallen,U12,Jar Blå,Frisk Asker 3,0
2027-02-27,Tonsberghallen,U12,Tønsberg Grå,Holmen Hockey Rød,1
2027-02-27,Tonsberghallen,U12,Holmen Hockey Rød,Jar Blå,0
2027-02-27,Tonsberghallen,U12,Tønsberg Grå,Frisk Asker 3,1
2027-02-27,Askerhallen,U12,Frisk Asker 1,Jutul Grønn,0
2027-02-27,Askerhallen,U12,Jar Hvit,Holmen Hockey Hvit,1
2027-02-27,Askerhallen,U12,Frisk Asker 1,Jar Hvit,0
2027-02-27,Askerhallen,U12,Jutul Grønn,Holmen Hockey Hvit,1
2027-02-27,Askerhallen,U12,Frisk Asker 1,Holmen Hockey Hvit,0
2027-02-27,Askerhallen,U12,Jar Hvit,Jutul Grønn,1
2027-02-28,Askerhallen,JU8,Jar,Ringerike 1,0
2027-02-28,Askerhallen,JU8,Jutul Kittens,Skien,1
2027-02-28,Askerhallen,JU8,Frisk Asker,Skien,0
2027-02-28,Askerhallen,JU8,Jutul Kittens,Ringerike 1,1
2027-02-28,Askerhallen,JU8,Frisk Asker,Jar,0
2027-02-28,Askerhallen,JU8,Ringerike 1,Skien,1
2027-02-28,Askerhallen,JU8,Frisk Asker,Jutul Kittens,0
2027-02-28,Askerhallen,JU8,Jar,Skien,1
2027-02-28,Askerhallen,JU8,Frisk Asker,Ringerike 1,0
2027-02-28,Askerhallen,JU8,Jar,Jutul Kittens,1
2027-02-28,Askerhallen,JU8,(Pause),Frisk Asker,
2027-02-28,Askerhallen,JU8,(Pause),Jar,
2027-02-28,Askerhallen,JU8,(Pause),Jutul Kittens,
2027-02-28,Askerhallen,JU8,(Pause),Ringerike 1,
2027-02-28,Askerhallen,JU8,(Pause),Skien,
2027-02-28,Jar Isforum,U10,Holmen Hockey Hvit,Jutul Hvit,0
2027-02-28,Jar Isforum,U10,Jar Blå,Frisk Asker 6,1
2027-02-28,Jar Isforum,U10,Ringerike 1,Kongsberg,2
2027-02-28,Jar Isforum,U10,Frisk Asker 6,Holmen Hockey Hvit,0
2027-02-28,Jar Isforum,U10,Jar Blå,Ringerike 1,1
2027-02-28,Jar Isforum,U10,Jutul Hvit,Kongsberg,2
2027-02-28,Jar Isforum,U10,Frisk Asker 6,Kongsberg,0
2027-02-28,Jar Isforum,U10,Jar Blå,Holmen Hockey Hvit,1
2027-02-28,Jar Isforum,U10,Ringerike 1,Jutul Hvit,2
2027-02-28,Jar Isforum,U10,Frisk Asker 6,Ringerike 1,0
2027-02-28,Jar Isforum,U10,Holmen Hockey Hvit,Kongsberg,1
2027-02-28,Jar Isforum,U10,Jar Blå,Jutul Hvit,2
2027-02-28,Jar Isforum,U10,Frisk Asker 6,Jutul Hvit,0
2027-02-28,Jar Isforum,U10,Holmen Hockey Hvit,Ringerike 1,1
2027-02-28,Jar Isforum,U10,Jar Blå,Kongsberg,2
2027-02-28,Jar Isforum,U11,Jar Blå,Jar Rød,0
2027-02-28,Jar Isforum,U11,Jar Lilla,Frisk Asker 2,1
2027-02-28,Jar Isforum,U11,Tønsberg Hvit,Holmen Hockey Rød,2
2027-02-28,Jar Isforum,U11,Frisk Asker 2,Holmen Hockey Rød,0
2027-02-28,Jar Isforum,U11,Jar Lilla,Jar Blå,1
2027-02-28,Jar Isforum,U11,Tønsberg Hvit,Jar Rød,2
2027-02-28,Jar Isforum,U11,Frisk Asker 2,Jar Blå,0
2027-02-28,Jar Isforum,U11,Jar Lilla,Tønsberg Hvit,1
2027-02-28,Jar Isforum,U11,Jar Rød,Holmen Hockey Rød,2
2027-02-28,Jar Isforum,U11,Frisk Asker 2,Tønsberg Hvit,0
2027-02-28,Jar Isforum,U11,Jar Blå,Holmen Hockey Rød,1
2027-02-28,Jar Isforum,U11,Jar Lilla,Jar Rød,2
2027-02-28,Jar Isforum,U11,Frisk Asker 2,Jar Rød,0
2027-02-28,Jar Isforum,U11,Jar Blå,Tønsberg Hvit,1
2027-02-28,Jar Isforum,U11,Jar Lilla,Holmen Hockey Rød,2
2027-02-28,Baerum ishall,U12,Jar Rød,Frisk Asker 2,0
2027-02-28,Baerum ishall,U12,Tønsberg Hvit,Jutul Grønn,1
2027-02-28,Baerum ishall,U12,Frisk Asker 2,Jutul Grønn,0
2027-02-28,Baerum ishall,U12,Jar Rød,Tønsberg Hvit,1
2027-02-28,Baerum ishall,U12,Jar Rød,Jutul Grønn,0
2027-02-28,Baerum ishall,U12,Tønsberg Hvit,Frisk Asker 2,1
2027-02-28,Askerhallen,U8,Frisk Asker 5,Jutul Gul,0
2027-02-28,Askerhallen,U8,Jar Rød,Jutul Grønn,1
2027-02-28,Askerhallen,U8,Jar Svart,Holmen Hockey Sort,2
2027-02-28,Askerhallen,U8,Jutul Hvit,Holmen Hockey Rød,3
2027-02-28,Askerhallen,U8,Frisk Asker 5,Jar Rød,0
2027-02-28,Askerhallen,U8,Holmen Hockey Rød,Jutul Grønn,1
2027-02-28,Askerhallen,U8,Holmen Hockey Sort,Jutul Gul,2
2027-02-28,Askerhallen,U8,Jar Svart,Jutul Hvit,3
2027-02-28,Askerhallen,U8,Frisk Asker 5,Holmen Hockey Rød,0
2027-02-28,Askerhallen,U8,Holmen Hockey Sort,Jutul Grønn,1
2027-02-28,Askerhallen,U8,Jar Rød,Jutul Hvit,2
2027-02-28,Askerhallen,U8,Jar Svart,Jutul Gul,3
2027-02-28,Askerhallen,U8,Frisk Asker 5,Jutul Hvit,0
2027-02-28,Askerhallen,U8,Holmen Hockey Sort,Jar Rød,1
2027-02-28,Askerhallen,U8,Jar Svart,Jutul Grønn,2
2027-02-28,Askerhallen,U8,Jutul Gul,Holmen Hockey Rød,3
2027-02-28,Askerhallen,U8,Frisk Asker 5,Jutul Grønn,0
2027-02-28,Askerhallen,U8,Holmen Hockey Sort,Jutul Hvit,1
2027-02-28,Askerhallen,U8,Jar Svart,Holmen Hockey Rød,2
2027-02-28,Askerhallen,U8,Jutul Gul,Jar Rød,3
2027-03-06,Ringerikshallen,JU12,Frisk Asker Orange,Jutul/Jar Kittens,0
2027-03-06,Ringerikshallen,JU12,Ringerike 1,Kongsberg/Tønsberg,1
2027-03-06,Ringerikshallen,JU12,Kongsberg/Tønsberg,Jutul/Jar Kittens,0
2027-03-06,Ringerikshallen,JU12,Ringerike 1,Frisk Asker Orange,1
2027-03-06,Ringerikshallen,JU12,Frisk Asker Orange,Kongsberg/Tønsberg,0
2027-03-06,Ringerikshallen,JU12,Ringerike 1,Jutul/Jar Kittens,1
2027-03-06,Holmen ishall,U10,Frisk Asker 3,Frisk Asker 1,0
2027-03-06,Holmen ishall,U10,Holmen Hockey Blå,Jar Hvit,1
2027-03-06,Holmen ishall,U10,Ringerike 3,Jar Rød,2
2027-03-06,Holmen ishall,U10,Holmen Hockey Blå,Jar Rød,0
2027-03-06,Holmen ishall,U10,Jar Hvit,Frisk Asker 3,1
2027-03-06,Holmen ishall,U10,Ringerike 3,Frisk Asker 1,2
2027-03-06,Holmen ishall,U10,Frisk Asker 1,Jar Rød,0
2027-03-06,Holmen ishall,U10,Holmen Hockey Blå,Frisk Asker 3,1
2027-03-06,Holmen ishall,U10,Jar Hvit,Ringerike 3,2
2027-03-06,Holmen ishall,U10,Frisk Asker 3,Jar Rød,0
2027-03-06,Holmen ishall,U10,Holmen Hockey Blå,Ringerike 3,1
2027-03-06,Holmen ishall,U10,Jar Hvit,Frisk Asker 1,2
2027-03-06,Holmen ishall,U10,Frisk Asker 3,Ringerike 3,0
2027-03-06,Holmen ishall,U10,Holmen Hockey Blå,Frisk Asker 1,1
2027-03-06,Holmen ishall,U10,Jar Hvit,Jar Rød,2
2027-03-06,Tonsberghallen,U11,Frisk Asker 1,Jar Svart,0
2027-03-06,Tonsberghallen,U11,Jar Grønn,Tønsberg Grå,1
2027-03-06,Tonsberghallen,U11,Jar Hvit,Jutul Grønn,2
2027-03-06,Tonsberghallen,U11,Jar Grønn,Frisk Asker 1,0
2027-03-06,Tonsberghallen,U11,Jutul Grønn,Jar Svart,1
2027-03-06,Tonsberghallen,U11,Tønsberg Grå,Jar Hvit,2
2027-03-06,Tonsberghallen,U11,Frisk Asker 1,Jutul Grønn,0
2027-03-06,Tonsberghallen,U11,Jar Grønn,Jar Hvit,1
2027-03-06,Tonsberghallen,U11,Tønsberg Grå,Jar Svart,2
2027-03-06,Tonsberghallen,U11,Jar Grønn,Jar Svart,0
2027-03-06,Tonsberghallen,U11,Jar Hvit,Frisk Asker 1,1
2027-03-06,Tonsberghallen,U11,Tønsberg Grå,Jutul Grønn,2
2027-03-06,Tonsberghallen,U11,Jar Grønn,Jutul Grønn,0
2027-03-06,Tonsberghallen,U11,Jar Hvit,Jar Svart,1
2027-03-06,Tonsberghallen,U11,Tønsberg Grå,Frisk Asker 1,2
2027-03-06,Baerum ishall,U12,Jar Svart,Holmen Hockey Hvit,0
2027-03-06,Baerum ishall,U12,Jutul Rød,Ringerike 1,1
2027-03-06,Baerum ishall,U12,Holmen Hockey Hvit,Ringerike 1,0
2027-03-06,Baerum ishall,U12,Jar Svart,Jutul Rød,1
2027-03-06,Baerum ishall,U12,Jar Svart,Ringerike 1,0
2027-03-06,Baerum ishall,U12,Jutul Rød,Holmen Hockey Hvit,1
2027-03-06,Jar Isforum,U9,Frisk Asker 3,Holmen Hockey Rød,0
2027-03-06,Jar Isforum,U9,Holmen Hockey Sort,Frisk Asker 1,1
2027-03-06,Jar Isforum,U9,Jar Hvit,Jutul Hvit,2
2027-03-06,Jar Isforum,U9,Jar Rød,Frisk Asker 4,3
2027-03-06,Jar Isforum,U9,Holmen Hockey Rød,Frisk Asker 4,0
2027-03-06,Jar Isforum,U9,Holmen Hockey Sort,Jutul Hvit,1
2027-03-06,Jar Isforum,U9,Jar Hvit,Frisk Asker 1,2
2027-03-06,Jar Isforum,U9,Jar Rød,Frisk Asker 3,3
2027-03-06,Jar Isforum,U9,Frisk Asker 1,Jutul Hvit,0
2027-03-06,Jar Isforum,U9,Holmen Hockey Sort,Frisk Asker 4,1
2027-03-06,Jar Isforum,U9,Jar Hvit,Frisk Asker 3,2
2027-03-06,Jar Isforum,U9,Jar Rød,Holmen Hockey Rød,3
2027-03-06,Jar Isforum,U9,Frisk Asker 1,Jar Rød,0
2027-03-06,Jar Isforum,U9,Holmen Hockey Sort,Frisk Asker 3,1
2027-03-06,Jar Isforum,U9,Jar Hvit,Holmen Hockey Rød,2
2027-03-06,Jar Isforum,U9,Jutul Hvit,Frisk Asker 4,3
2027-03-06,Jar Isforum,U9,Frisk Asker 1,Holmen Hockey Rød,0
2027-03-06,Jar Isforum,U9,Holmen Hockey Sort,Jar Rød,1
2027-03-06,Jar Isforum,U9,Jar Hvit,Frisk Asker 4,2
2027-03-06,Jar Isforum,U9,Jutul Hvit,Frisk Asker 3,3
2027-03-07,Ringerikshallen,U10,Frisk Asker 2,Jar Gul,0
2027-03-07,Ringerikshallen,U10,Holmen Hockey Sort,Jutul Rød,1
2027-03-07,Ringerikshallen,U10,Ringerike 1,Frisk Asker 5,2
2027-03-07,Ringerikshallen,U10,Frisk Asker 2,Ringerike 1,0
2027-03-07,Ringerikshallen,U10,Jar Gul,Holmen Hockey Sort,1
2027-03-07,Ringerikshallen,U10,Jutul Rød,Frisk Asker 5,2
2027-03-07,Ringerikshallen,U10,Frisk Asker 2,Jutul Rød,0
2027-03-07,Ringerikshallen,U10,Holmen Hockey Sort,Frisk Asker 5,1
2027-03-07,Ringerikshallen,U10,Jar Gul,Ringerike 1,2
2027-03-07,Ringerikshallen,U10,Frisk Asker 2,Holmen Hockey Sort,0
2027-03-07,Ringerikshallen,U10,Jar Gul,Frisk Asker 5,1
2027-03-07,Ringerikshallen,U10,Ringerike 1,Jutul Rød,2
2027-03-07,Ringerikshallen,U10,Frisk Asker 2,Frisk Asker 5,0
2027-03-07,Ringerikshallen,U10,Jar Gul,Jutul Rød,1
2027-03-07,Ringerikshallen,U10,Ringerike 1,Holmen Hockey Sort,2
2027-03-07,Kongsberghallen,U11,Frisk Asker 3,Skien,0
2027-03-07,Kongsberghallen,U11,Jar Gul,Kongsberg,1
2027-03-07,Kongsberghallen,U11,Ringerike 1,Tønsberg Rød,2
2027-03-07,Kongsberghallen,U11,Jar Gul,Frisk Asker 3,0
2027-03-07,Kongsberghallen,U11,Kongsberg,Ringerike 1,1
2027-03-07,Kongsberghallen,U11,Tønsberg Rød,Skien,2
2027-03-07,Kongsberghallen,U11,Frisk Asker 3,Tønsberg Rød,0
2027-03-07,Kongsberghallen,U11,Jar Gul,Ringerike 1,1
2027-03-07,Kongsberghallen,U11,Kongsberg,Skien,2
2027-03-07,Kongsberghallen,U11,Jar Gul,Tønsberg Rød,0
2027-03-07,Kongsberghallen,U11,Kongsberg,Frisk Asker 3,1
2027-03-07,Kongsberghallen,U11,Ringerike 1,Skien,2
2027-03-07,Kongsberghallen,U11,Jar Gul,Skien,0
2027-03-07,Kongsberghallen,U11,Kongsberg,Tønsberg Rød,1
2027-03-07,Kongsberghallen,U11,Ringerike 1,Frisk Asker 3,2
2027-03-07,Holmen ishall,U12,Holmen Hockey Rød,Tønsberg Grå,0
2027-03-07,Holmen ishall,U12,Jar Svart,Ringerike 2,1
2027-03-07,Holmen ishall,U12,Holmen Hockey Rød,Jar Svart,0
2027-03-07,Holmen ishall,U12,Tønsberg Grå,Ringerike 2,1
2027-03-07,Holmen ishall,U12,Holmen Hockey Rød,Ringerike 2,0
2027-03-07,Holmen ishall,U12,Jar Svart,Tønsberg Grå,1
2027-03-07,Askerhallen,U7,Frisk Asker 1,Jar Grønn,0
2027-03-07,Askerhallen,U7,Holmen Hockey Rød,Jar Blå,1
2027-03-07,Askerhallen,U7,Jar Rød,Holmen Hockey Sort,2
2027-03-07,Askerhallen,U7,Jutul Grønn,Holmen Hockey Hvit,3
2027-03-07,Askerhallen,U7,Holmen Hockey Sort,Frisk Asker 1,0
2027-03-07,Askerhallen,U7,Jar Blå,Holmen Hockey Hvit,1
2027-03-07,Askerhallen,U7,Jar Grønn,Holmen Hockey Rød,2
2027-03-07,Askerhallen,U7,Jar Rød,Jutul Grønn,3
2027-03-07,Askerhallen,U7,Frisk Asker 1,Jar Blå,0
2027-03-07,Askerhallen,U7,Holmen Hockey Sort,Jutul Grønn,1
2027-03-07,Askerhallen,U7,Jar Grønn,Holmen Hockey Hvit,2
2027-03-07,Askerhallen,U7,Jar Rød,Holmen Hockey Rød,3
2027-03-07,Askerhallen,U7,Frisk Asker 1,Holmen Hockey Rød,0
2027-03-07,Askerhallen,U7,Holmen Hockey Sort,Jar Grønn,1
2027-03-07,Askerhallen,U7,Jar Rød,Holmen Hockey Hvit,2
2027-03-07,Askerhallen,U7,Jutul Grønn,Jar Blå,3
2027-03-07,Askerhallen,U7,Frisk Asker 1,Holmen Hockey Hvit,0
2027-03-07,Askerhallen,U7,Holmen Hockey Sort,Jar Blå,1
2027-03-07,Askerhallen,U7,Jar Rød,Jar Grønn,2
2027-03-07,Askerhallen,U7,Jutul Grønn,Holmen Hockey Rød,3
2027-03-07,Baerum ishall,U9,Frisk Asker 2,Jar Hvit,0
2027-03-07,Baerum ishall,U9,Jutul Grønn,Holmen Hockey Sort,1
2027-03-07,Baerum ishall,U9,Kongsberg,Jutul Rød,2
2027-03-07,Baerum ishall,U9,Skien,Sandefjord,3
2027-03-07,Baerum ishall,U9,Frisk Asker 2,Kongsberg,0
2027-03-07,Baerum ishall,U9,Holmen Hockey Sort,Sandefjord,1
2027-03-07,Baerum ishall,U9,Jutul Grønn,Jar Hvit,2
2027-03-07,Baerum ishall,U9,Skien,Jutul Rød,3
2027-03-07,Baerum ishall,U9,Frisk Asker 2,Sandefjord,0
2027-03-07,Baerum ishall,U9,Holmen Hockey Sort,Skien,1
2027-03-07,Baerum ishall,U9,Jar Hvit,Jutul Rød,2
2027-03-07,Baerum ishall,U9,Jutul Grønn,Kongsberg,3
2027-03-07,Baerum ishall,U9,Frisk Asker 2,Jutul Rød,0
2027-03-07,Baerum ishall,U9,Holmen Hockey Sort,Kongsberg,1
2027-03-07,Baerum ishall,U9,Jar Hvit,Sandefjord,2
2027-03-07,Baerum ishall,U9,Jutul Grønn,Skien,3
2027-03-07,Baerum ishall,U9,Frisk Asker 2,Skien,0
2027-03-07,Baerum ishall,U9,Holmen Hockey Sort,Jutul Rød,1
2027-03-07,Baerum ishall,U9,Jar Hvit,Kongsberg,2
2027-03-07,Baerum ishall,U9,Jutul Grønn,Sandefjord,3
2027-03-13,Askerhallen,U10,Holmen Hockey Hvit,Ringerike 3,0
2027-03-13,Askerhallen,U10,Jar Svart,Frisk Asker 1,1
2027-03-13,Askerhallen,U10,Jutul Grønn,Jar Gul,2
2027-03-13,Askerhallen,U10,Frisk Asker 1,Holmen Hockey Hvit,0
2027-03-13,Askerhallen,U10,Jar Svart,Jutul Grønn,1
2027-03-13,Askerhallen,U10,Ringerike 3,Jar Gul,2
2027-03-13,Askerhallen,U10,Frisk Asker 1,Jutul Grønn,0
2027-03-13,Askerhallen,U10,Holmen Hockey Hvit,Jar Gul,1
2027-03-13,Askerhallen,U10,Jar Svart,Ringerike 3,2
2027-03-13,Askerhallen,U10,Frisk Asker 1,Jar Gul,0
2027-03-13,Askerhallen,U10,Jar Svart,Holmen Hockey Hvit,1
2027-03-13,Askerhallen,U10,Jutul Grønn,Ringerike 3,2
2027-03-13,Askerhallen,U10,Frisk Asker 1,Ringerike 3,0
2027-03-13,Askerhallen,U10,Jar Svart,Jar Gul,1
2027-03-13,Askerhallen,U10,Jutul Grønn,Holmen Hockey Hvit,2
2027-03-13,Askerhallen,U11,Holmen Hockey Hvit,Sandefjord,0
2027-03-13,Askerhallen,U11,Jar Lilla,Frisk Asker 2,1
2027-03-13,Askerhallen,U11,Ringerike 2,Jutul Rød,2
2027-03-13,Askerhallen,U11,Frisk Asker 2,Ringerike 2,0
2027-03-13,Askerhallen,U11,Jar Lilla,Holmen Hockey Hvit,1
2027-03-13,Askerhallen,U11,Jutul Rød,Sandefjord,2
2027-03-13,Askerhallen,U11,Frisk Asker 2,Sandefjord,0
2027-03-13,Askerhallen,U11,Holmen Hockey Hvit,Jutul Rød,1
2027-03-13,Askerhallen,U11,Jar Lilla,Ringerike 2,2
2027-03-13,Askerhallen,U11,Frisk Asker 2,Holmen Hockey Hvit,0
2027-03-13,Askerhallen,U11,Jar Lilla,Jutul Rød,1
2027-03-13,Askerhallen,U11,Ringerike 2,Sandefjord,2
2027-03-13,Askerhallen,U11,Frisk Asker 2,Jutul Rød,0
2027-03-13,Askerhallen,U11,Jar Lilla,Sandefjord,1
2027-03-13,Askerhallen,U11,Ringerike 2,Holmen Hockey Hvit,2
2027-03-13,Kongsberghallen,U12,Jar Blå,Frisk Asker 3,0
2027-03-13,Kongsberghallen,U12,Tønsberg Rød,Kongsberg,1
2027-03-13,Kongsberghallen,U12,Frisk Asker 3,Kongsberg,0
2027-03-13,Kongsberghallen,U12,Jar Blå,Tønsberg Rød,1
2027-03-13,Kongsberghallen,U12,Jar Blå,Kongsberg,0
2027-03-13,Kongsberghallen,U12,Tønsberg Rød,Frisk Asker 3,1
2027-03-13,Tonsberghallen,U12,Frisk Asker 1,Ringerike 1,0
2027-03-13,Tonsberghallen,U12,Jar Hvit,Tønsberg Grå,1
2027-03-13,Tonsberghallen,U12,Jar Hvit,Frisk Asker 1,0
2027-03-13,Tonsberghallen,U12,Tønsberg Grå,Ringerike 1,1
2027-03-13,Tonsberghallen,U12,Frisk Asker 1,Tønsberg Grå,0
2027-03-13,Tonsberghallen,U12,Jar Hvit,Ringerike 1,1
2027-03-13,Ringerikshallen,U8,Frisk Asker 4,Jar Svart,0
2027-03-13,Ringerikshallen,U8,Holmen Hockey Rød,Frisk Asker 2,1
2027-03-13,Ringerikshallen,U8,Jar Blå,Ringerike 1,2
2027-03-13,Ringerikshallen,U8,Jutul Hvit,Frisk Asker 1,3
2027-03-13,Ringerikshallen,U8,Frisk Asker 1,Jar Svart,0
2027-03-13,Ringerikshallen,U8,Holmen Hockey Rød,Jutul Hvit,1
2027-03-13,Ringerikshallen,U8,Jar Blå,Frisk Asker 2,2
2027-03-13,Ringerikshallen,U8,Ringerike 1,Frisk Asker 4,3
2027-03-13,Ringerikshallen,U8,Frisk Asker 2,Ringerike 1,0
2027-03-13,Ringerikshallen,U8,Holmen Hockey Rød,Jar Svart,1
2027-03-13,Ringerikshallen,U8,Jar Blå,Frisk Asker 1,2
2027-03-13,Ringerikshallen,U8,Jutul Hvit,Frisk Asker 4,3
2027-03-13,Ringerikshallen,U8,Frisk Asker 2,Jutul Hvit,0
2027-03-13,Ringerikshallen,U8,Holmen Hockey Rød,Frisk Asker 1,1
2027-03-13,Ringerikshallen,U8,Jar Blå,Frisk Asker 4,2
2027-03-13,Ringerikshallen,U8,Ringerike 1,Jar Svart,3
2027-03-13,Ringerikshallen,U8,Frisk Asker 2,Jar Svart,0
2027-03-13,Ringerikshallen,U8,Holmen Hockey Rød,Frisk Asker 4,1
2027-03-13,Ringerikshallen,U8,Jar Blå,Jutul Hvit,2
2027-03-13,Ringerikshallen,U8,Ringerike 1,Frisk Asker 1,3
2027-03-13,Baerum ishall,U9,Frisk Asker 1,Jar Blå,0
2027-03-13,Baerum ishall,U9,Frisk Asker 3,Jar Rød,1
2027-03-13,Baerum ishall,U9,Frisk Asker 4,Holmen Hockey Hvit,2
2027-03-13,Baerum ishall,U9,Holmen Hockey Rød,Jutul Hvit,3
2027-03-13,Baerum ishall,U9,Frisk Asker 1,Holmen Hockey Rød,0
2027-03-13,Baerum ishall,U9,Frisk Asker 3,Holmen Hockey Hvit,1
2027-03-13,Baerum ishall,U9,Frisk Asker 4,Jar Rød,2
2027-03-13,Baerum ishall,U9,Jar Blå,Jutul Hvit,3
2027-03-13,Baerum ishall,U9,Frisk Asker 1,Jutul Hvit,0
2027-03-13,Baerum ishall,U9,Holmen Hockey Hvit,Jar Rød,1
2027-03-13,Baerum ishall,U9,Holmen Hockey Rød,Frisk Asker 4,2
2027-03-13,Baerum ishall,U9,Jar Blå,Frisk Asker 3,3
2027-03-13,Baerum ishall,U9,Frisk Asker 1,Holmen Hockey Hvit,0
2027-03-13,Baerum ishall,U9,Holmen Hockey Rød,Jar Rød,1
2027-03-13,Baerum ishall,U9,Jar Blå,Frisk Asker 4,2
2027-03-13,Baerum ishall,U9,Jutul Hvit,Frisk Asker 3,3
2027-03-13,Baerum ishall,U9,Frisk Asker 1,Jar Rød,0
2027-03-13,Baerum ishall,U9,Holmen Hockey Rød,Frisk Asker 3,1
2027-03-13,Baerum ishall,U9,Jar Blå,Holmen Hockey Hvit,2
2027-03-13,Baerum ishall,U9,Jutul Hvit,Frisk Asker 4,3
2027-03-14,Ringerikshallen,JU12,Frisk Asker Orange,Frisk Asker Svart,0
2027-03-14,Ringerikshallen,JU12,Ringerike 2,Ringerike 1,1
2027-03-14,Ringerikshallen,JU12,Frisk Asker Svart,Ringerike 1,0
2027-03-14,Ringerikshallen,JU12,Ringerike 2,Frisk Asker Orange,1
2027-03-14,Ringerikshallen,JU12,Frisk Asker Orange,Ringerike 1,0
2027-03-14,Ringerikshallen,JU12,Ringerike 2,Frisk Asker Svart,1
2027-03-14,Holmen ishall,U10,Holmen Hockey Rød,Jar Hvit,0
2027-03-14,Holmen ishall,U10,Jar Blå,Frisk Asker 3,1
2027-03-14,Holmen ishall,U10,Ringerike 2,Ringerike 4,2
2027-03-14,Holmen ishall,U10,Frisk Asker 3,Holmen Hockey Rød,0
2027-03-14,Holmen ishall,U10,Jar Blå,Ringerike 2,1
2027-03-14,Holmen ishall,U10,Jar Hvit,Ringerike 4,2
2027-03-14,Holmen ishall,U10,Frisk Asker 3,Ringerike 2,0
2027-03-14,Holmen ishall,U10,Holmen Hockey Rød,Ringerike 4,1
2027-03-14,Holmen ishall,U10,Jar Blå,Jar Hvit,2
2027-03-14,Holmen ishall,U10,Frisk Asker 3,Ringerike 4,0
2027-03-14,Holmen ishall,U10,Jar Blå,Holmen Hockey Rød,1
2027-03-14,Holmen ishall,U10,Ringerike 2,Jar Hvit,2
2027-03-14,Holmen ishall,U10,Frisk Asker 3,Jar Hvit,0
2027-03-14,Holmen ishall,U10,Jar Blå,Ringerike 4,1
2027-03-14,Holmen ishall,U10,Ringerike 2,Holmen Hockey Rød,2
2027-03-14,Kongsberghallen,U12,Frisk Asker 1,Kongsberg,0
2027-03-14,Kongsberghallen,U12,Jar Rød,Ringerike 2,1
2027-03-14,Kongsberghallen,U12,Jar Rød,Frisk Asker 1,0
2027-03-14,Kongsberghallen,U12,Ringerike 2,Kongsberg,1
2027-03-14,Kongsberghallen,U12,Frisk Asker 1,Ringerike 2,0
2027-03-14,Kongsberghallen,U12,Jar Rød,Kongsberg,1
2027-03-14,Tonsberghallen,U12,Jar Blå,Jutul Grønn,0
2027-03-14,Tonsberghallen,U12,Tønsberg Hvit,Frisk Asker 2,1
2027-03-14,Tonsberghallen,U12,Jar Blå,Tønsberg Hvit,0
2027-03-14,Tonsberghallen,U12,Jutul Grønn,Frisk Asker 2,1
2027-03-14,Tonsberghallen,U12,Jar Blå,Frisk Asker 2,0
2027-03-14,Tonsberghallen,U12,Tønsberg Hvit,Jutul Grønn,1
2027-03-14,Baerum ishall,U7,Frisk Asker 2,Jar Rød,0
2027-03-14,Baerum ishall,U7,Jar Svart,Frisk Asker 3,1
2027-03-14,Baerum ishall,U7,Jutul Hvit,Holmen Hockey Sort,2
2027-03-14,Baerum ishall,U7,Jutul Rød,Jar Hvit,3
2027-03-14,Baerum ishall,U7,Frisk Asker 2,Holmen Hockey Sort,0
2027-03-14,Baerum ishall,U7,Frisk Asker 3,Jar Hvit,1
2027-03-14,Baerum ishall,U7,Jutul Hvit,Jar Rød,2
2027-03-14,Baerum ishall,U7,Jutul Rød,Jar Svart,3
2027-03-14,Baerum ishall,U7,Frisk Asker 2,Jar Hvit,0
2027-03-14,Baerum ishall,U7,Jar Rød,Holmen Hockey Sort,1
2027-03-14,Baerum ishall,U7,Jutul Hvit,Jar Svart,2
2027-03-14,Baerum ishall,U7,Jutul Rød,Frisk Asker 3,3
2027-03-14,Baerum ishall,U7,Frisk Asker 2,Jar Svart,0
2027-03-14,Baerum ishall,U7,Holmen Hockey Sort,Jar Hvit,1
2027-03-14,Baerum ishall,U7,Jar Rød,Jutul Rød,2
2027-03-14,Baerum ishall,U7,Jutul Hvit,Frisk Asker 3,3
2027-03-14,Baerum ishall,U7,Frisk Asker 2,Jutul Rød,0
2027-03-14,Baerum ishall,U7,Holmen Hockey Sort,Jar Svart,1
2027-03-14,Baerum ishall,U7,Jar Rød,Frisk Asker 3,2
2027-03-14,Baerum ishall,U7,Jutul Hvit,Jar Hvit,3
2027-02-27,Kongsberghallen,U8,Frisk Asker 3,Ringerike 2,0
2027-02-27,Kongsberghallen,U8,Frisk Asker 4,Kongsberg,1
2027-02-27,Kongsberghallen,U8,Holmen Hockey Hvit,Frisk Asker 1,2
2027-02-27,Kongsberghallen,U8,Jutul Rød,Jar Blå,3
2027-02-27,Kongsberghallen,U8,Frisk Asker 1,Jutul Rød,0
2027-02-27,Kongsberghallen,U8,Frisk Asker 4,Ringerike 2,1
2027-02-27,Kongsberghallen,U8,Holmen Hockey Hvit,Frisk Asker 3,2
2027-02-27,Kongsberghallen,U8,Jar Blå,Kongsberg,3
2027-02-27,Kongsberghallen,U8,Frisk Asker 1,Jar Blå,0
2027-02-27,Kongsberghallen,U8,Frisk Asker 3,Kongsberg,1
2027-02-27,Kongsberghallen,U8,Holmen Hockey Hvit,Frisk Asker 4,2
2027-02-27,Kongsberghallen,U8,Jutul Rød,Ringerike 2,3
2027-02-27,Kongsberghallen,U8,Frisk Asker 1,Kongsberg,0
2027-02-27,Kongsberghallen,U8,Holmen Hockey Hvit,Ringerike 2,1
2027-02-27,Kongsberghallen,U8,Jar Blå,Frisk Asker 4,2
2027-02-27,Kongsberghallen,U8,Jutul Rød,Frisk Asker 3,3
2027-02-27,Kongsberghallen,U8,Frisk Asker 1,Ringerike 2,0
2027-02-27,Kongsberghallen,U8,Holmen Hockey Hvit,Kongsberg,1
2027-02-27,Kongsberghallen,U8,Jar Blå,Frisk Asker 3,2
2027-02-27,Kongsberghallen,U8,Jutul Rød,Frisk Asker 4,3
2027-02-20,Tonsberghallen,U8,Frisk Asker 2,Jar Hvit,0
2027-02-20,Tonsberghallen,U8,Jutul Rød,Holmen Hockey Blå,1
2027-02-20,Tonsberghallen,U8,Ringerike 2,Skien,2
2027-02-20,Tonsberghallen,U8,Sandefjord,Tønsberg,3
2027-02-20,Tonsberghallen,U8,Frisk Asker 2,Tønsberg,0
2027-02-20,Tonsberghallen,U8,Holmen Hockey Blå,Sandefjord,1
2027-02-20,Tonsberghallen,U8,Jar Hvit,Ringerike 2,2
2027-02-20,Tonsberghallen,U8,Jutul Rød,Skien,3
2027-02-20,Tonsberghallen,U8,Frisk Asker 2,Sandefjord,0
2027-02-20,Tonsberghallen,U8,Holmen Hockey Blå,Skien,1
2027-02-20,Tonsberghallen,U8,Jar Hvit,Tønsberg,2
2027-02-20,Tonsberghallen,U8,Jutul Rød,Ringerike 2,3
2027-02-20,Tonsberghallen,U8,Frisk Asker 2,Ringerike 2,0
2027-02-20,Tonsberghallen,U8,Holmen Hockey Blå,Tønsberg,1
2027-02-20,Tonsberghallen,U8,Jar Hvit,Skien,2
2027-02-20,Tonsberghallen,U8,Jutul Rød,Sandefjord,3
2027-02-20,Tonsberghallen,U8,Frisk Asker 2,Skien,0
2027-02-20,Tonsberghallen,U8,Holmen Hockey Blå,Ringerike 2,1
2027-02-20,Tonsberghallen,U8,Jar Hvit,Sandefjord,2
2027-02-20,Tonsberghallen,U8,Jutul Rød,Tønsberg,3
2027-02-21,Skien ishall,U9,Frisk Asker 2,Jar Blå,0
2027-02-21,Skien ishall,U9,Holmen Hockey Hvit,Sandefjord,1
2027-02-21,Skien ishall,U9,Jutul Rød,Tønsberg,2
2027-02-21,Skien ishall,U9,Skien,Ringerike 1,3
2027-02-21,Skien ishall,U9,Frisk Asker 2,Ringerike 1,0
2027-02-21,Skien ishall,U9,Holmen Hockey Hvit,Tønsberg,1
2027-02-21,Skien ishall,U9,Jar Blå,Jutul Rød,2
2027-02-21,Skien ishall,U9,Sandefjord,Skien,3
2027-02-21,Skien ishall,U9,Frisk Asker 2,Skien,0
2027-02-21,Skien ishall,U9,Holmen Hockey Hvit,Jutul Rød,1
2027-02-21,Skien ishall,U9,Jar Blå,Ringerike 1,2
2027-02-21,Skien ishall,U9,Sandefjord,Tønsberg,3
2027-02-21,Skien ishall,U9,Frisk Asker 2,Jutul Rød,0
2027-02-21,Skien ishall,U9,Holmen Hockey Hvit,Skien,1
2027-02-21,Skien ishall,U9,Jar Blå,Tønsberg,2
2027-02-21,Skien ishall,U9,Sandefjord,Ringerike 1,3
2027-02-21,Skien ishall,U9,Frisk Asker 2,Tønsberg,0
2027-02-21,Skien ishall,U9,Holmen Hockey Hvit,Ringerike 1,1
2027-02-21,Skien ishall,U9,Jar Blå,Skien,2
2027-02-21,Skien ishall,U9,Sandefjord,Jutul Rød,3
2027-03-14,Skien ishall,JU10,Jar Rød,Frisk Asker Orange,0
2027-03-14,Skien ishall,JU10,Ringerike 1,Frisk Asker Svart,1
2027-03-14,Skien ishall,JU10,Skien,Jar Blå,2
2027-03-14,Skien ishall,JU10,Frisk Asker Orange,Skien,0
2027-03-14,Skien ishall,JU10,Jar Blå,Frisk Asker Svart,1
2027-03-14,Skien ishall,JU10,Jar Rød,Ringerike 1,2
2027-03-14,Skien ishall,JU10,Frisk Asker Orange,Ringerike 1,0
2027-03-14,Skien ishall,JU10,Jar Rød,Jar Blå,1
2027-03-14,Skien ishall,JU10,Skien,Frisk Asker Svart,2
2027-03-14,Skien ishall,JU10,Frisk Asker Orange,Frisk Asker Svart,0
2027-03-14,Skien ishall,JU10,Jar Rød,Skien,1
2027-03-14,Skien ishall,JU10,Ringerike 1,Jar Blå,2
2027-03-14,Skien ishall,JU10,Frisk Asker Orange,Jar Blå,0
2027-03-14,Skien ishall,JU10,Jar Rød,Frisk Asker Svart,1
2027-03-14,Skien ishall,JU10,Ringerike 1,Skien,2
2027-02-27,Tonsberghallen,U10,Holmen Hockey Sort,Ringerike 4,0
2027-02-27,Tonsberghallen,U10,Jar Grønn,Tønsberg,1
2027-02-27,Tonsberghallen,U10,Jutul Rød,Frisk Asker 4,2
2027-02-27,Tonsberghallen,U10,Frisk Asker 4,Holmen Hockey Sort,0
2027-02-27,Tonsberghallen,U10,Jutul Rød,Jar Grønn,1
2027-02-27,Tonsberghallen,U10,Ringerike 4,Tønsberg,2
2027-02-27,Tonsberghallen,U10,Frisk Asker 4,Tønsberg,0
2027-02-27,Tonsberghallen,U10,Jar Grønn,Ringerike 4,1
2027-02-27,Tonsberghallen,U10,Jutul Rød,Holmen Hockey Sort,2
2027-02-27,Tonsberghallen,U10,Frisk Asker 4,Jar Grønn,0
2027-02-27,Tonsberghallen,U10,Holmen Hockey Sort,Tønsberg,1
2027-02-27,Tonsberghallen,U10,Jutul Rød,Ringerike 4,2
2027-02-27,Tonsberghallen,U10,Frisk Asker 4,Ringerike 4,0
2027-02-27,Tonsberghallen,U10,Holmen Hockey Sort,Jar Grønn,1
2027-02-27,Tonsberghallen,U10,Jutul Rød,Tønsberg,2
2027-02-14,Skien ishall,U11,Jar Oransje,Frisk Asker 4,0
2027-02-14,Skien ishall,U11,Jar Svart,Skien,1
2027-02-14,Skien ishall,U11,Jutul Grønn,Tønsberg Hvit,2
2027-02-14,Skien ishall,U11,Frisk Asker 4,Jar Svart,0
2027-02-14,Skien ishall,U11,Jar Oransje,Tønsberg Hvit,1
2027-02-14,Skien ishall,U11,Jutul Grønn,Skien,2
2027-02-14,Skien ishall,U11,Frisk Asker 4,Jutul Grønn,0
2027-02-14,Skien ishall,U11,Jar Oransje,Jar Svart,1
2027-02-14,Skien ishall,U11,Tønsberg Hvit,Skien,2
2027-02-14,Skien ishall,U11,Frisk Asker 4,Skien,0
2027-02-14,Skien ishall,U11,Jar Oransje,Jutul Grønn,1
2027-02-14,Skien ishall,U11,Jar Svart,Tønsberg Hvit,2
2027-02-14,Skien ishall,U11,Frisk Asker 4,Tønsberg Hvit,0
2027-02-14,Skien ishall,U11,Jar Oransje,Skien,1
2027-02-14,Skien ishall,U11,Jar Svart,Jutul Grønn,2
2026-11-14,Ringerikshallen,JU10,Jar Hvit,Frisk Asker Svart,0
2026-11-14,Ringerikshallen,JU10,Frisk Asker Orange,Jar Rød,1
2026-11-14,Ringerikshallen,JU10,Ringerike 1,Skien,2
2026-11-14,Ringerikshallen,JU10,Jar Hvit,Jar Rød,0
2026-11-14,Ringerikshallen,JU10,Skien,Frisk Asker Svart,1
2026-11-14,Ringerikshallen,JU10,Ringerike 1,Frisk Asker Orange,2
2026-11-14,Ringerikshallen,JU10,Jar Hvit,Skien,0
2026-11-14,Ringerikshallen,JU10,Jar Rød,Ringerike 1,1
2026-11-14,Ringerikshallen,JU10,Frisk Asker Svart,Frisk Asker Orange,2
2026-11-14,Ringerikshallen,JU10,Jar Hvit,Ringerike 1,0
2026-11-14,Ringerikshallen,JU10,Frisk Asker Orange,Skien,1
2026-11-14,Ringerikshallen,JU10,Frisk Asker Svart,Jar Rød,2
2026-11-14,Ringerikshallen,JU10,Jar Hvit,Frisk Asker Orange,0
2026-11-14,Ringerikshallen,JU10,Ringerike 1,Frisk Asker Svart,1
2026-11-14,Ringerikshallen,JU10,Skien,Jar Rød,2
